# Strongly connected components
# Connected Components:	407
# Connected components (format: <Size>\t<NodeId1>\t<NodeId2>...)
493	376	452	120	450	449	410	302	300	349	157	548	546	200	210	203	205	421	405	309	279	523	507	504	397	382	534	336	259	221	310	272	477	418	445	254	209	133	277	268	357	425	358	502	411	322	503	499	368	519	440	459	492	512	470	451	296	441	258	339	406	335	232	213	177	400	471	260	354	255	247	23	71	483	493	457	321	511	505	351	531	496	482	467	552	550	388	535	337	528	383	506	414	464	497	331	180	377	311	372	304	539	167	524	495	323	501	500	330	230	278	375	276	214	373	371	284	460	370	77	350	235	394	428	353	325	541	540	415	508	361	365	263	224	223	188	187	498	393	434	261	537	489	241	216	45	324	520	359	444	314	429	275	522	472	66	184	179	378	292	212	162	225	384	530	529	476	516	487	486	485	474	318	412	379	389	381	427	198	338	527	220	419	257	390	303	63	462	396	430	119	543	236	195	408	509	286	544	80	197	334	306	401	347	127	274	150	168	281	367	192	369	328	316	422	402	315	40	455	305	446	283	207	156	78	363	342	547	140	395	469	271	239	340	243	170	488	484	253	191	465	313	326	219	90	475	431	364	317	416	295	267	463	139	423	333	231	138	290	160	227	250	240	215	178	386	251	97	282	491	533	532	182	435	229	42	228	262	438	345	403	366	329	308	374	301	293	436	234	233	171	385	356	163	490	443	62	404	108	65	269	88	193	135	181	185	392	348	222	391	387	526	266	153	172	245	34	116	98	189	352	355	238	312	320	237	196	249	291	149	169	53	201	132	319	288	113	96	407	199	190	165	242	513	130	118	106	134	126	83	264	57	175	289	111	298	161	174	122	128	84	44	206	186	110	166	362	183	69	125	105	50	273	248	124	117	109	173	137	294	131	204	102	85	103	244	101	93	87	360	252	92	27	341	21	67	104	202	265	525	114	107	26	54	58	38	226	151	121	41	420	211	35	73	297	89	47	95	29	79	70	123	48	99	56	176	51	517	33	100	75	454	86	46	32	4	74	194	453	81	94	36	64	6	25	76	49	218	426	43	60	28	208	20	19	9	18	164	152	30	37	399	14	2	91	448	5	82	24	7	22	141	115	159	15	72	59	16	3	13	55	155	52	136	8	68	10	31	11	17	12	154	39	1
1	899
1	898
1	897
1	896
1	895
1	894
1	893
1	892
1	891
1	890
1	889
1	888
1	887
1	886
1	885
1	884
1	883
1	882
1	881
1	880
1	879
1	878
1	877
1	876
1	875
1	874
1	873
1	872
1	871
1	870
1	869
1	868
1	867
1	866
1	865
1	864
1	863
1	862
1	861
1	860
1	859
1	858
1	857
1	856
1	855
1	854
1	853
1	852
1	851
1	850
1	849
1	848
1	847
1	846
1	845
1	844
1	843
1	842
1	841
1	840
1	839
1	838
1	837
1	836
1	835
1	834
1	833
1	832
1	831
1	830
1	829
1	828
1	827
1	826
1	825
1	824
1	823
1	822
1	821
1	820
1	819
1	818
1	817
1	816
1	815
1	814
1	813
1	812
1	811
1	810
1	809
1	808
1	807
1	806
1	805
1	804
1	803
1	802
1	801
1	800
1	799
1	798
1	797
1	796
1	795
1	794
1	793
1	792
1	791
1	790
1	789
1	788
1	787
1	786
1	785
1	784
1	783
1	782
1	781
1	780
1	779
1	778
1	777
1	776
1	775
1	774
1	773
1	772
1	771
1	770
1	769
1	768
1	767
1	766
1	765
1	764
1	763
1	762
1	761
1	760
1	759
1	758
1	757
1	756
1	755
1	754
1	753
1	752
1	751
1	750
1	749
1	748
1	747
1	746
1	745
1	744
1	743
1	742
1	741
1	740
1	739
1	738
1	737
1	736
1	735
1	734
1	733
1	732
1	731
1	730
1	729
1	728
1	727
1	726
1	725
1	724
1	723
1	722
1	721
1	720
1	719
1	718
1	717
1	716
1	715
1	714
1	713
1	712
1	711
1	710
1	709
1	708
1	707
1	706
1	705
1	704
1	703
1	702
1	701
1	700
1	699
1	698
1	697
1	696
1	695
1	694
1	693
1	692
1	691
1	690
1	689
1	688
1	687
1	686
1	685
1	684
1	683
1	682
1	681
1	680
1	679
1	678
1	677
1	676
1	675
1	674
1	673
1	672
1	671
1	670
1	669
1	668
1	667
1	666
1	665
1	664
1	663
1	662
1	661
1	660
1	659
1	658
1	657
1	656
1	655
1	654
1	653
1	652
1	651
1	650
1	649
1	648
1	647
1	646
1	645
1	644
1	643
1	642
1	641
1	640
1	639
1	638
1	637
1	636
1	635
1	634
1	633
1	632
1	631
1	630
1	629
1	628
1	627
1	626
1	625
1	624
1	623
1	622
1	621
1	620
1	619
1	618
1	617
1	616
1	615
1	614
1	613
1	612
1	611
1	610
1	609
1	608
1	607
1	606
1	605
1	604
1	603
1	602
1	601
1	600
1	599
1	598
1	597
1	596
1	595
1	594
1	593
1	592
1	591
1	590
1	589
1	588
1	587
1	586
1	585
1	584
1	583
1	582
1	581
1	580
1	579
1	578
1	577
1	576
1	575
1	574
1	573
1	572
1	571
1	570
1	569
1	568
1	567
1	566
1	565
1	564
1	563
1	562
1	561
1	560
1	559
1	558
1	557
1	556
1	555
1	554
1	553
1	551
1	549
1	545
1	542
1	538
1	536
1	521
1	518
1	515
1	514
1	510
1	494
1	481
1	480
1	479
1	478
1	473
1	468
1	466
1	461
1	458
1	456
1	447
1	442
1	439
1	437
1	433
1	432
1	424
1	417
1	413
1	409
1	398
1	380
1	346
1	344
1	343
1	332
1	327
1	307
1	299
1	287
1	285
1	280
1	270
1	256
1	246
1	217
1	158
1	148
1	147
1	146
1	145
1	144
1	143
1	142
1	129
1	112
1	61
