0,153,38,
2,16,11,326,727,372,
2,16,11,326,727,372,
3,6,12,27,195,
372,2,15,68,182,12,77,
372,2,196,227,17,99,
92,169,389,361,182,12,26,464,297,680,192,313,225,270,468,555,74,446,
74,234,86,555,
234,86,555,74,
599,151,253,251,
234,41,809,260,
809,260,234,41,
809,260,234,41,
809,260,234,41,
14,284,399,174,318,116,852,16,11,327,410,596,265,368,121,25,106,553,
19,262,223,542,373,
16,11,326,169,200,303,538,49,163,405,171,481,277,329,3,35,81,603,399,174,318,116,852,
25,205,372,
18,120,183,280,418,134,225,378,37,48,276,353,6,123,74,218,1,69,227,17,99,404,31,514,265,374,687,512,55,570,361,616,325,
372,77,418,134,225,463,782,72,553,14,
57,337,42,702,
38,66,292,124,70,49,163,
163,38,66,780,531,181,
134,181,163,38,66,780,303,311,345,77,418,
16,57,673,251,360,556,238,321,368,121,446,517,217,743,38,66,450,110,515,400,363,624,120,183,289,124,74,123,114,64,130,348,281,422,778,361,442,801,116,852,
116,852,16,761,158,801,
16,761,158,801,116,852,
90,592,75,500,303,538,546,139,
121,299,344,599,251,360,556,238,321,368,
227,57,73,236,27,205,69,
442,231,59,871,
442,231,59,871,
74,340,7,743,38,66,62,190,570,36,60,260,234,13,123,
163,418,134,431,324,420,300,232,82,4,816,280,
74,850,195,319,373,232,82,4,816,280,163,234,13,123,
90,376,1,82,4,71,123,74,765,496,636,442,227,17,52,322,131,325,18,226,72,
185,816,280,99,252,84,519,242,478,564,496,636,442,227,17,52,
394,341,196,524,113,172,117,276,207,533,23,251,673,
519,242,478,564,496,636,442,227,17,204,307,99,252,84,
349,173,372,108,19,433,85,514,28,703,56,76,
264,317,848,
378,182,568,188,391,3,660,32,516,36,411,317,848,264,387,866,
204,307,337,507,19,433,366,633,9,485,95,186,4,816,280,163,418,198,809,
280,163,418,198,809,204,307,337,507,19,433,366,633,9,485,95,186,4,816,
9,485,95,186,4,816,280,163,268,831,40,231,59,54,123,74,603,423,49,866,378,182,568,188,391,53,384,16,61,130,46,331,346,193,609,12,339,10,507,19,433,366,633,
9,485,95,186,4,816,280,163,19,433,366,633,
22,147,43,6,171,481,
272,250,570,80,22,147,43,6,171,481,5,354,351,2,434,703,
171,481,5,354,351,2,434,703,272,250,570,23,831,40,633,9,12,6,
81,72,633,9,12,6,171,
81,72,633,9,12,6,171,
81,72,109,24,6,171,
52,442,569,311,365,196,341,48,303,538,282,207,519,120,202,565,16,108,338,679,7,67,252,418,227,238,
163,127,464,89,50,378,284,277,80,282,207,519,358,28,297,727,525,167,280,
6,24,289,334,100,190,62,66,396,17,224,232,198,778,494,43,571,25,
11,497,513,53,465,184,89,68,167,280,163,61,650,67,844,140,114,781,
177,465,184,89,68,167,280,163,348,281,
163,68,167,280,
133,27,171,81,318,12,500,303,538,158,391,385,388,305,400,781,11,112,
656,187,335,102,592,89,50,307,99,58,408,121,460,331,120,183,207,117,172,840,474,
195,236,224,162,569,
649,42,724,40,231,
195,9,729,47,568,112,133,27,171,81,318,12,305,400,781,11,525,386,762,100,569,
54,44,172,840,474,656,73,50,307,99,195,449,71,175,150,729,47,568,112,133,27,171,244,703,
172,840,474,656,73,50,307,99,195,27,171,244,703,54,44,
1,44,172,840,474,656,73,18,435,
66,313,238,4,186,54,
840,474,656,73,18,435,1,44,172,
238,4,186,54,66,313,
326,386,797,302,188,289,197,377,54,66,313,238,52,288,99,35,63,
61,228,167,371,90,498,195,9,310,290,866,442,
61,251,646,218,108,198,145,57,53,465,312,786,184,125,596,344,649,42,724,121,774,10,31,
649,231,116,123,74,453,816,185,55,101,372,77,184,125,596,344,
256,251,205,519,244,703,280,179,716,151,567,11,220,116,123,30,74,581,
71,296,88,716,151,459,198,183,103,295,193,
207,372,490,7,748,
89,222,18,17,
421,57,53,465,177,656,368,
90,447,174,40,569,259,163,72,151,606,414,407,100,331,12,492,10,
163,72,151,606,414,407,100,331,12,492,10,90,447,174,40,569,259,
10,90,717,536,130,659,401,454,1,13,92,132,117,414,407,100,331,12,492,
481,22,127,124,588,474,89,222,18,313,225,398,380,529,91,809,195,9,200,52,288,
117,414,58,762,492,10,90,717,536,130,659,401,454,1,13,92,132,
496,802,51,154,54,66,381,182,48,465,177,70,22,127,124,68,234,180,451,
124,68,234,180,451,496,809,195,9,567,11,418,328,201,173,252,657,207,372,77,362,127,
809,102,367,564,496,
366,868,386,797,
366,868,386,797,
169,7,678,47,331,12,492,10,30,74,195,9,567,11,
386,797,366,868,
90,447,4,126,705,251,27,195,809,102,432,2,376,183,65,660,3,
809,102,367,564,394,
514,19,224,392,820,182,48,
193,767,21,347,436,271,114,158,236,703,54,186,95,702,370,372,205,58,97,581,295,
94,741,151,432,2,169,389,361,607,100,10,30,248,367,564,237,66,
169,389,361,607,100,10,30,248,367,564,237,66,94,741,151,432,2,
289,68,24,204,307,743,116,190,477,23,251,27,213,
97,581,295,193,71,656,445,171,81,322,551,809,102,625,297,174,399,284,482,69,500,169,88,504,
81,322,551,809,102,625,297,174,399,284,482,69,500,169,88,504,97,581,295,193,71,656,445,171,
61,779,12,286,248,367,564,237,66,94,377,222,18,
100,481,240,866,407,383,360,656,445,171,81,670,251,256,52,158,236,389,361,476,629,316,726,15,333,596,178,568,222,18,480,737,201,519,464,499,329,120,310,290,659,369,56,703,54,186,95,440,607,
193,461,542,97,581,295,
201,26,321,737,
40,819,159,362,127,121,90,210,419,
344,599,316,726,15,333,
6,329,120,569,152,
6,329,120,569,152,
6,329,120,569,152,
6,28,358,124,461,91,251,743,32,127,121,90,10,31,12,366,797,36,176,37,505,382,193,611,287,194,236,173,166,264,695,237,766,9,616,192,144,387,595,15,68,24,
6,28,358,124,292,2,361,11,83,
2,287,194,236,173,166,264,695,237,766,9,616,192,582,428,358,124,292,
361,11,497,330,201,103,203,379,333,192,582,428,358,124,292,232,66,196,165,
361,11,326,376,527,766,9,280,134,551,809,102,357,220,72,3,391,778,442,802,312,196,165,
361,11,326,376,527,766,9,280,134,551,809,102,357,220,72,3,391,778,442,802,312,196,165,
361,11,124,289,389,83,6,500,75,555,69,730,122,23,67,702,150,663,136,354,562,62,360,163,165,
86,367,12,538,88,716,179,237,766,9,625,361,11,124,346,353,296,182,48,128,235,542,
124,346,353,296,182,48,128,235,542,86,607,184,232,469,109,595,15,716,179,237,766,9,625,361,11,
403,201,519,59,
184,48,320,190,275,607,
184,48,320,487,190,275,607,
607,474,588,11,48,320,487,190,275,
193,17,274,
17,274,193,
91,194,275,607,140,331,
17,274,193,
9,280,519,464,331,91,194,275,607,378,566,527,766,
9,72,449,18,59,403,277,284,14,766,
329,49,470,353,346,272,73,90,3,
607,378,284,14,766,9,615,193,17,274,331,91,194,275,
519,784,46,280,
130,322,131,568,187,656,315,595,15,509,58,206,133,701,415,623,260,809,252,726,426,185,533,49,470,353,6,35,706,48,887,124,104,339,250,570,378,659,251,670,406,336,289,512,66,275,607,
58,230,137,421,147,293,628,256,703,106,595,15,509,
250,272,73,90,449,353,346,672,378,570,
124,106,286,12,182,272,73,90,498,32,796,79,220,818,407,294,91,194,762,92,376,18,299,150,739,134,414,117,451,180,602,487,55,233,799,386,784,488,591,
273,42,835,192,292,232,403,
273,162,766,9,206,643,
9,206,643,273,162,766,
162,766,9,206,643,273,
377,54,230,31,184,290,28,394,226,289,94,
9,310,272,665,80,748,189,538,170,403,162,766,
344,55,512,802,
344,55,512,802,
525,336,602,390,
512,610,394,555,116,277,403,162,766,9,226,289,52,
9,158,766,
272,73,193,17,99,179,236,232,
66,7,630,130,801,81,15,12,168,74,565,207,864,321,893,406,472,388,
394,688,257,610,
81,567,337,30,10,387,27,165,816,453,97,183,139,72,11,801,
81,567,337,627,11,801,
16,124,70,6,145,403,363,388,66,361,778,
31,776,130,763,481,381,182,610,378,225,505,192,298,197,628,442,809,100,145,403,363,388,66,361,778,16,12,168,74,318,
227,850,236,570,319,69,
381,182,610,378,225,505,59,35,856,433,108,852,16,12,168,74,318,31,776,154,54,841,290,721,174,280,368,90,377,50,317,193,
154,54,841,290,721,174,280,368,90,377,50,317,193,17,10,387,27,345,523,289,527,766,9,388,66,138,422,596,168,74,318,31,776,
596,168,74,728,321,812,38,148,290,721,174,280,743,300,291,25,718,19,399,593,422,
290,841,361,433,536,497,11,168,74,318,130,560,198,38,148,
74,318,130,560,198,38,148,290,841,361,433,536,497,11,168,
318,31,514,42,525,265,25,205,89,536,497,11,168,74,
536,497,11,168,74,318,31,514,265,25,205,89,
193,381,481,442,636,159,721,174,280,95,702,323,555,
183,207,124,11,168,74,765,437,366,12,108,47,172,607,261,809,450,125,116,852,16,69,89,536,
183,34,660,65,
384,693,410,321,26,346,400,
400,384,693,410,321,26,346,
165,290,148,367,73,48,303,81,555,166,1,376,130,
124,571,136,335,102,10,16,69,89,222,86,357,288,326,68,96,133,701,415,7,892,321,368,656,74,330,497,15,118,721,174,782,302,880,207,
205,96,133,701,415,7,892,321,368,656,74,330,497,15,118,721,174,782,302,117,105,
240,816,185,18,222,568,182,443,313,428,97,244,494,135,184,117,105,205,293,133,701,415,7,892,321,368,656,74,310,616,481,206,530,436,282,80,93,345,140,163,156,
169,763,57,430,363,15,305,487,
376,90,377,132,673,394,341,464,263,102,404,92,
194,582,428,97,244,494,135,434,2,361,616,481,153,571,426,21,140,163,491,303,81,23,316,74,318,198,26,235,
86,234,13,498,353,6,
36,12,54,526,
36,12,54,526,
36,12,54,526,
36,12,54,526,
136,172,44,101,491,303,538,107,198,600,269,79,274,
198,26,316,74,526,36,411,388,66,459,192,107,
9,350,14,134,225,135,434,2,311,227,69,23,316,74,526,36,411,388,476,766,
14,134,225,135,434,181,1,376,130,46,369,421,16,81,6,152,388,476,766,9,350,
388,476,766,9,350,14,134,551,809,351,41,228,153,571,426,21,140,163,226,196,569,152,
570,190,62,18,464,127,22,481,137,1,181,56,
16,281,56,570,370,421,
184,702,67,193,179,376,197,289,288,617,12,
193,400,290,633,366,553,53,391,
16,69,73,54,703,185,58,503,182,48,539,351,86,409,134,174,56,570,370,421,
16,514,53,391,193,179,376,14,168,27,122,357,744,98,116,173,73,54,703,185,58,611,370,421,
66,344,388,
193,179,376,197,289,25,131,282,28,421,16,514,53,391,
193,179,376,90,185,58,101,487,702,425,705,13,46,14,168,27,122,144,378,37,660,3,391,
122,144,378,37,660,3,391,193,179,376,90,185,58,101,487,702,425,705,13,46,14,168,27,
136,172,44,240,147,6,35,297,174,721,92,243,102,671,236,93,202,565,
136,789,108,19,565,
116,173,376,90,185,58,101,487,12,184,607,322,7,461,15,393,359,645,74,611,347,436,134,181,150,37,660,3,391,193,381,182,48,103,598,337,197,289,512,163,293,136,46,14,168,27,122,357,744,98,
228,200,283,43,494,778,340,673,82,657,345,17,
344,388,66,38,55,568,182,48,596,
228,200,283,43,494,778,442,741,38,55,568,68,169,70,124,128,235,41,
302,569,92,533,12,184,687,122,357,744,98,527,376,362,68,326,169,70,124,292,391,2,
302,569,339,26,54,184,687,122,436,134,181,196,50,809,238,2,
134,181,196,50,809,238,2,166,579,210,436,
134,181,196,50,809,238,2,166,579,210,436,
11,153,619,190,225,150,37,290,400,268,602,390,170,403,
9,289,366,377,186,188,302,616,18,94,
11,622,170,403,
11,622,170,403,
11,622,170,403,
163,865,274,236,579,210,436,134,14,227,786,206,
168,148,501,198,145,68,326,452,752,321,28,358,428,248,
11,622,170,403,
163,741,104,288,303,12,205,109,418,786,206,
163,865,274,346,624,136,789,108,19,561,492,94,9,289,366,377,223,364,849,14,227,252,418,786,206,
92,679,436,
92,379,378,284,410,789,108,15,7,679,436,
289,68,276,456,492,94,9,
289,68,276,456,492,94,9,
74,645,359,481,19,262,757,251,625,290,148,501,198,361,315,26,372,398,412,81,542,68,276,456,492,94,9,647,
574,230,58,
11,318,131,717,334,403,
310,351,693,217,467,231,40,204,809,395,296,329,192,616,
74,645,359,94,9,647,
168,114,500,6,28,78,467,231,40,204,809,395,296,329,192,616,310,527,376,34,99,345,523,84,379,378,22,70,124,332,249,421,16,511,670,406,784,280,502,21,454,206,163,38,43,41,234,167,349,
16,565,202,120,519,464,263,14,227,660,88,67,502,21,454,206,163,61,130,471,281,177,421,
2,310,527,376,34,99,308,207,105,51,570,80,723,474,840,39,274,136,624,316,726,426,185,502,21,454,206,163,234,167,149,12,349,365,695,264,166,
9,581,36,434,56,418,704,217,119,193,634,153,571,384,623,11,566,361,488,
9,581,36,434,56,418,704,217,119,193,634,153,571,384,623,11,566,361,488,
74,581,36,176,6,24,421,16,71,206,163,61,130,475,66,488,9,647,
15,789,108,
17,52,302,616,18,
58,206,163,61,130,471,281,177,331,12,220,72,230,
230,623,11,561,355,395,177,102,871,288,846,207,633,93,252,724,42,702,120,123,12,220,85,45,649,351,596,340,20,434,92,533,132,18,17,274,236,57,344,307,328,150,752,332,
11,561,355,395,177,102,871,288,846,207,663,150,752,332,230,623,
217,650,45,373,
123,12,486,46,871,288,846,207,562,19,789,108,218,465,322,15,663,150,752,332,230,58,206,163,132,18,17,274,136,539,621,238,321,812,38,153,571,350,120,
163,132,18,17,228,61,130,471,281,327,410,693,384,623,11,801,127,662,376,1,90,241,564,464,300,99,475,66,430,565,202,93,252,724,42,702,214,135,434,7,486,46,260,649,351,188,186,4,238,321,812,38,153,571,350,120,123,193,454,421,48,465,322,15,663,150,752,332,230,58,206,
332,195,607,168,29,729,190,592,451,70,177,324,93,387,750,9,350,120,123,12,326,452,752,
171,152,388,486,46,565,202,120,123,193,454,421,48,230,72,344,611,301,501,148,494,135,434,92,505,154,459,289,176,6,137,5,166,579,162,341,483,128,616,273,180,66,313,678,
12,846,207,152,388,486,46,565,202,120,123,
355,463,505,154,459,289,29,729,190,619,151,603,
96,385,892,321,752,13,820,392,296,571,137,5,778,127,662,376,307,204,74,647,174,
376,463,505,225,128,272,182,820,392,296,571,137,5,778,127,662,
182,820,392,296,571,137,5,778,127,662,376,463,505,225,128,272,
188,361,624,162,462,138,473,388,9,218,108,531,871,288,853,31,123,273,180,66,207,562,19,618,252,201,536,183,377,
17,228,434,7,284,531,871,288,853,31,123,273,180,66,207,562,19,757,262,18,
244,494,135,487,609,111,
67,35,93,252,201,27,206,786,12,
434,7,15,138,473,388,9,180,66,232,422,784,13,
66,232,422,784,13,434,7,15,138,473,388,9,180,
121,54,186,157,
193,124,292,192,134,75,559,38,153,481,5,166,579,236,724,42,465,100,227,41,605,81,206,786,12,67,
250,702,42,174,96,145,
97,232,422,
422,97,188,361,656,207,533,18,59,34,718,25,265,525,405,659,355,165,196,312,377,183,64,584,259,353,628,
99,31,751,504,88,723,474,596,191,87,301,501,198,567,337,36,312,377,703,490,
98,744,106,286,248,660,88,723,474,596,191,87,301,501,198,567,337,36,312,377,703,490,99,31,449,71,171,221,37,45,349,167,234,260,610,394,809,450,403,162,852,280,553,296,329,49,423,705,126,326,96,385,465,100,331,177,462,316,72,194,19,
85,542,849,237,695,365,588,390,5,778,391,188,
19,98,744,106,286,248,660,88,723,474,596,410,693,168,11,70,124,262,223,261,325,537,293,147,22,6,82,49,423,705,126,702,42,273,162,852,280,374,121,15,108,315,12,67,331,177,462,316,72,194,
106,757,102,244,605,81,98,744,
140,342,114,338,
86,357,391,188,361,315,12,67,35,93,633,297,385,255,217,743,207,752,53,840,282,159,869,45,349,99,31,449,71,206,
17,362,678,7,519,130,99,617,
195,52,388,9,141,325,121,408,120,519,130,99,617,17,376,183,536,433,366,633,297,385,255,217,743,207,445,75,127,32,449,71,206,86,357,391,188,361,315,12,625,251,670,290,276,
533,21,70,124,346,809,511,670,290,276,195,568,23,67,853,364,345,60,20,
297,385,255,217,743,207,748,80,570,50,752,53,840,268,4,55,628,353,633,
81,6,22,
206,86,357,391,383,360,22,81,219,442,866,259,163,
376,332,198,677,90,830,
12,277,50,752,53,57,224,160,41,77,
2,200,578,211,
185,36,141,362,
121,677,90,830,376,183,536,14,849,
380,91,413,840,398,
121,677,90,61,618,206,163,180,66,334,602,476,624,319,373,108,170,1,376,183,536,14,849,
376,251,290,124,297,464,544,132,128,207,170,1,
251,290,124,297,464,544,132,128,207,170,1,376,
376,251,290,124,297,464,89,68,167,149,700,66,313,225,463,
121,596,168,693,282,77,12,74,735,7,443,182,378,427,324,53,465,184,31,10,509,320,190,487,607,
31,109,410,284,378,427,324,53,465,184,
1,533,193,669,23,840,48,603,287,703,484,50,132,128,207,841,280,465,184,31,853,
703,484,50,820,344,765,437,92,721,487,607,121,596,66,185,348,481,85,163,287,
324,86,290,124,287,703,236,723,88,46,303,59,18,
236,723,88,46,303,59,18,324,86,290,124,287,703,
324,61,326,19,399,18,
19,399,18,324,61,326,
130,179,716,151,29,16,117,224,
422,440,1,376,307,50,132,677,90,22,81,35,375,596,66,430,281,177,421,55,
31,606,151,29,16,117,224,130,786,184,
19,703,519,
163,234,86,781,114,39,
12,871,59,6,70,169,323,702,23,687,184,26,272,254,24,242,273,643,130,833,234,167,371,95,723,88,46,260,649,61,34,718,25,282,349,77,
366,388,476,555,294,776,31,99,248,660,9,141,325,431,718,25,282,349,77,12,871,59,6,137,377,1,731,302,389,
1,731,302,389,366,388,476,555,294,776,31,99,248,660,9,141,325,431,718,25,282,349,77,12,871,59,6,137,377,
1,376,251,205,165,361,570,422,596,351,354,5,137,377,
58,153,791,99,110,515,400,486,46,369,126,850,
99,831,23,305,126,850,58,153,791,
581,268,831,23,687,184,256,
81,322,607,11,569,259,353,
99,332,289,459,7,723,80,704,482,
80,704,482,99,332,289,459,7,723,
81,35,593,195,850,58,258,259,353,
234,86,409,134,436,525,42,176,36,
80,277,229,569,339,172,258,259,353,81,376,7,723,
81,376,7,348,185,694,175,325,89,300,844,229,569,339,172,258,259,353,
81,376,7,348,185,694,175,325,89,300,844,229,569,339,172,258,259,353,
81,376,7,348,185,694,175,325,89,300,844,229,569,339,172,258,259,353,
81,35,297,616,273,239,703,250,537,254,326,727,473,536,14,263,68,89,300,844,229,569,339,172,258,259,353,
353,268,440,58,133,206,662,12,600,11,781,163,172,258,259,
307,267,18,
602,324,352,677,198,600,11,781,163,226,196,341,86,133,206,662,12,15,29,729,476,
474,596,265,368,280,374,687,
616,361,778,56,59,239,703,9,
37,332,168,221,
181,293,324,11,407,508,657,51,6,64,717,512,55,440,58,328,365,695,264,19,322,326,488,31,445,631,531,
322,300,419,225,378,185,104,38,163,417,113,19,
42,567,103,48,281,471,130,607,261,868,101,367,423,49,533,13,234,74,169,389,361,778,
496,802,482,784,13,234,74,647,9,161,46,486,116,852,280,463,765,
74,169,242,404,102,177,395,469,430,525,140,114,99,168,357,663,207,657,51,802,482,89,171,445,
37,332,124,346,273,168,357,663,207,657,51,802,482,89,171,445,74,765,496,159,721,118,15,716,81,376,188,289,197,377,48,
171,250,802,482,89,
74,340,389,302,616,171,445,
190,477,23,390,602,336,406,472,388,28,358,519,7,239,703,376,1,160,134,436,210,419,225,
406,83,71,311,277,229,225,190,477,23,390,602,336,
130,650,524,596,191,122,440,256,184,274,428,313,66,381,250,102,177,395,469,65,471,
7,239,703,376,183,65,471,130,650,524,596,191,122,440,256,184,568,188,289,336,406,472,124,252,849,499,500,92,357,299,344,9,139,90,368,691,194,761,35,67,519,
100,122,440,256,184,568,188,302,616,171,445,74,765,75,17,545,200,700,
66,381,250,272,251,165,98,16,281,239,703,113,225,313,
703,113,19,289,90,210,419,225,313,66,381,250,272,251,165,98,16,281,239,
251,165,98,16,281,239,703,113,19,289,90,210,419,225,313,66,381,250,272,
130,763,311,277,607,195,236,703,376,183,65,471,
169,193,707,290,276,120,736,493,62,190,477,23,81,22,90,380,628,
330,140,345,386,190,100,250,289,
250,289,330,140,345,386,190,100,
66,7,248,30,123,6,22,90,139,190,100,250,355,840,398,36,707,290,624,474,723,244,694,185,348,481,402,18,201,191,716,151,163,292,
628,169,200,217,565,12,123,6,22,90,139,190,100,250,355,840,398,36,707,290,633,353,
59,15,318,99,248,30,
481,153,791,200,217,138,473,536,564,528,373,13,522,25,121,677,185,348,
52,481,381,250,289,
422,374,465,384,571,426,197,628,55,
191,716,151,163,323,702,445,656,361,196,341,464,703,511,809,402,18,201,
42,705,48,59,485,400,344,9,402,18,201,191,100,318,99,422,850,
100,318,99,422,850,42,705,48,59,485,400,344,9,402,18,201,191,
100,318,99,422,850,42,705,48,59,485,400,344,9,402,18,201,191,
192,144,387,657,51,501,148,494,312,778,207,572,122,436,525,727,372,14,743,101,868,274,193,454,
778,207,572,122,436,282,1,170,108,198,72,139,190,477,23,81,388,366,797,184,355,840,236,98,116,123,6,523,494,312,
120,565,12,184,355,190,477,23,81,650,351,41,63,326,280,46,387,657,51,404,659,395,177,
106,629,151,163,405,289,52,235,128,159,721,487,702,445,631,531,284,275,
292,66,459,62,121,54,649,307,850,42,92,348,7,735,21,16,98,437,391,
81,650,351,41,235,393,359,212,299,90,625,425,705,42,92,348,7,735,21,16,98,116,123,6,23,
193,640,74,735,21,16,98,116,618,
193,640,74,735,21,16,98,116,618,
114,271,436,282,207,880,442,58,168,
81,763,360,131,277,80,1,283,487,702,425,705,42,92,379,378,672,346,130,342,106,224,149,579,210,377,223,11,18,8,212,299,90,625,94,28,350,
618,193,192,582,238,66,173,9,230,31,123,272,293,133,170,108,198,622,195,248,72,90,210,377,223,11,326,291,
99,474,537,254,272,293,133,170,108,198,622,195,248,72,90,677,185,618,337,48,
367,349,15,138,737,201,618,193,707,290,148,
565,12,349,15,536,90,342,106,357,92,42,514,48,99,474,430,
99,34,723,334,
74,735,21,618,193,640,
346,130,776,236,
74,735,21,618,193,640,
74,735,21,618,193,640,
195,850,74,84,737,201,536,90,625,86,222,59,403,162,622,
195,850,74,84,737,201,536,90,625,86,222,59,403,162,622,
9,530,602,180,66,21,618,198,600,140,173,
85,433,361,693,45,349,15,622,195,27,289,250,102,154,776,194,302,842,
27,63,35,22,6,23,460,294,322,494,148,168,693,45,349,15,622,195,
6,23,460,294,322,494,148,168,693,45,349,15,622,195,27,63,35,22,
384,53,108,16,761,201,536,354,464,34,376,92,304,445,631,117,50,623,
384,163,11,423,443,506,66,304,445,631,117,50,623,
11,423,443,506,66,304,445,631,117,50,623,384,163,
30,24,204,472,81,59,17,99,101,365,397,689,50,623,384,163,11,223,120,
568,188,535,9,280,1,623,384,
384,568,188,535,9,280,1,623,
106,679,338,236,27,61,342,
163,332,870,
361,354,464,296,392,433,
7,403,273,149,72,13,569,50,277,
130,403,277,116,30,58,
464,34,376,180,602,476,599,229,277,116,108,16,471,130,519,84,580,443,506,66,354,
333,374,121,89,200,52,603,74,350,14,348,150,229,277,116,30,24,272,472,81,4,126,850,236,59,17,99,366,191,446,517,217,
277,7,348,150,229,
17,46,4,126,850,236,59,
214,135,184,231,114,
193,155,36,440,227,238,789,108,16,762,18,62,149,324,431,718,34,376,92,
433,359,224,378,481,171,
290,59,17,555,69,353,346,273,239,610,182,68,96,145,403,61,31,277,116,849,252,699,317,193,177,2,361,596,422,22,6,454,314,440,55,80,570,319,195,3,90,562,39,66,132,673,30,58,280,465,162,384,693,217,517,446,
130,776,418,536,91,251,380,407,359,224,378,481,153,58,280,465,162,384,693,217,517,446,290,59,17,99,429,703,27,165,
163,181,180,24,272,123,528,145,403,285,1,283,63,5,390,588,386,388,472,81,
388,484,703,56,281,333,
569,392,296,329,499,163,181,180,24,272,73,109,605,402,809,366,
5,481,172,339,12,849,207,778,422,138,542,235,
555,75,24,272,293,324,471,130,782,463,154,102,250,537,446,290,59,
59,555,75,24,272,73,437,366,359,481,172,339,12,326,727,18,329,643,206,77,324,471,130,782,463,154,102,250,537,446,290,
95,723,167,284,168,649,410,650,351,568,55,421,249,184,630,
472,81,96,196,9,618,21,175,71,4,46,106,
14,310,348,
446,523,41,784,525,46,238,52,660,35,174,399,603,74,
599,19,207,778,422,138,453,266,21,175,325,89,205,69,87,301,501,148,334,
21,175,325,89,205,69,297,632,251,272,472,81,151,741,382,74,453,266,
66,304,421,249,184,26,244,719,325,89,205,69,297,632,251,272,472,81,151,741,382,74,446,290,699,252,687,445,702,67,748,21,70,177,2,61,34,376,185,426,726,7,723,474,596,442,171,86,781,400,484,703,91,413,463,227,68,581,190,624,452,326,59,17,99,29,163,39,
2,370,702,445,216,18,270,339,172,188,391,236,535,443,175,21,70,177,
290,672,378,427,121,446,
374,34,376,185,426,726,7,723,474,596,333,
290,672,378,427,121,446,
290,190,624,120,844,410,650,121,446,
52,322,19,481,277,116,53,840,249,184,317,193,744,81,151,611,96,196,508,657,82,21,175,36,60,260,610,300,419,
130,568,372,616,116,53,840,249,184,317,193,744,81,46,238,16,471,
273,93,387,264,848,317,193,454,39,66,248,99,29,163,140,338,621,238,16,471,130,376,179,201,173,323,659,48,537,285,196,9,200,52,660,35,174,750,74,312,643,
93,387,264,848,317,193,744,81,46,88,216,18,399,750,74,312,643,273,
236,335,160,224,149,646,251,757,34,99,102,853,12,134,238,16,471,130,376,185,782,392,295,570,378,566,361,488,90,289,179,122,191,100,726,7,731,302,188,391,
273,54,276,456,492,694,84,329,643,
81,46,280,31,853,12,134,238,16,471,130,376,185,782,392,295,570,378,566,361,488,90,289,179,201,173,
183,65,605,360,62,562,207,
16,471,130,305,5,114,345,61,618,193,330,289,179,201,173,81,46,280,31,853,12,134,238,
201,618,193,206,152,388,486,46,280,179,
280,31,776,130,376,185,377,178,568,184,163,152,388,486,46,
12,17,288,853,
12,17,288,853,
12,349,76,42,525,336,406,91,0,458,171,43,100,92,34,99,288,853,
12,349,76,42,525,336,406,91,0,458,171,43,100,92,34,99,288,853,
12,349,76,42,525,336,406,91,0,458,171,43,494,75,770,304,92,34,99,288,853,
12,349,76,42,525,336,406,91,0,458,171,43,494,75,770,304,92,34,99,288,853,
207,555,86,222,568,184,117,192,459,62,562,
603,52,481,105,199,152,569,9,206,71,315,48,182,289,463,227,90,809,496,125,
562,39,66,411,369,459,62,
391,185,502,217,403,474,797,386,190,177,331,274,349,168,221,687,442,270,743,120,624,154,398,239,281,42,324,286,
120,562,207,214,18,270,743,
120,562,207,214,18,270,743,
476,555,75,53,384,571,153,104,288,853,12,486,46,17,96,133,611,347,659,16,86,236,564,378,22,147,450,
198,646,218,89,464,127,630,480,737,201,173,304,92,776,307,329,643,273,180,73,437,272,250,579,210,436,347,659,16,86,236,342,115,227,90,809,204,74,220,818,500,48,182,289,183,
53,384,571,153,104,288,853,12,578,211,224,264,597,411,369,42,324,293,147,450,476,555,75,
75,880,302,389,169,560,74,640,450,476,555,
169,486,46,17,47,172,173,304,92,34,210,436,347,659,16,11,558,19,511,670,75,53,513,760,191,15,536,464,389,
15,536,464,127,412,170,11,104,288,513,760,191,
560,74,454,39,66,21,362,618,193,640,287,603,52,99,500,48,182,289,192,835,109,
22,378,659,16,86,781,194,287,603,52,99,500,48,182,289,192,835,109,595,241,2,211,224,392,820,195,449,90,43,100,104,288,513,422,
74,454,39,66,42,462,316,26,205,165,361,569,
316,403,413,721,174,56,590,57,763,360,656,193,85,581,487,602,
66,352,165,361,569,32,660,39,
316,403,413,840,355,353,230,237,618,185,533,92,34,318,236,98,498,32,660,39,66,225,190,320,100,336,527,487,602,
66,450,51,538,387,27,219,237,618,185,533,92,34,318,236,98,498,32,660,39,
487,169,486,46,17,566,527,
272,293,205,178,37,150,702,250,
17,313,18,435,230,337,1,623,159,226,289,463,192,144,271,114,158,52,99,90,447,71,
11,623,159,226,289,463,192,144,271,114,158,52,99,90,447,71,140,331,290,86,6,39,66,422,536,497,596,344,820,195,622,170,
290,86,6,39,454,206,74,220,79,63,283,487,527,310,371,59,485,388,386,407,380,114,158,52,99,90,447,71,140,331,
596,344,14,528,2,558,19,624,316,23,467,485,388,386,407,380,114,375,
451,287,603,13,46,116,724,40,819,159,496,
596,344,14,528,2,558,19,624,316,13,46,116,724,40,819,159,496,451,375,
11,622,170,
99,721,174,42,703,419,52,
99,721,174,42,703,419,52,
236,724,40,633,207,801,81,662,7,510,58,514,42,703,419,52,99,300,610,247,343,131,318,
421,177,281,327,
11,781,194,407,383,337,1,170,
156,240,458,171,102,784,13,636,136,274,434,181,293,631,21,
21,156,75,434,181,293,631,
21,156,240,458,171,102,
74,548,3,329,643,312,23,831,268,163,
252,657,82,49,179,236,535,532,855,201,726,
2,364,849,90,809,260,
17,339,250,102,21,69,219,58,376,184,809,260,2,364,849,90,616,297,680,192,89,760,529,747,12,773,328,140,349,150,702,48,46,13,752,120,329,74,
13,752,120,329,74,17,547,251,376,184,809,260,2,364,849,90,616,297,680,192,89,760,529,747,12,773,328,140,349,150,702,48,46,
192,89,760,529,747,12,773,328,140,349,150,702,48,46,13,752,120,329,74,17,547,251,376,184,809,260,2,364,849,90,616,297,680,
17,339,250,102,21,69,352,673,91,469,511,38,868,140,349,150,702,48,46,13,752,120,329,74,
272,346,353,633,106,595,36,60,20,434,181,293,
17,600,108,789,100,548,3,206,74,
702,48,887,323,
163,434,20,60,260,536,183,205,751,357,19,
23,840,280,
19,536,183,205,751,357,
23,840,280,
272,538,51,7,15,622,239,273,163,293,
15,622,239,273,163,293,272,538,51,7,
125,235,700,149,273,163,293,272,169,145,6,81,662,206,643,329,12,600,108,789,100,656,102,507,337,516,32,751,31,752,120,128,20,60,260,649,78,69,500,303,538,51,7,15,
866,442,569,259,
19,618,103,528,25,372,213,289,293,272,250,703,484,114,5,783,24,168,357,
289,25,372,213,
17,86,453,159,226,623,1,301,717,195,248,428,274,
25,372,213,289,
244,329,12,164,310,351,188,280,717,195,248,428,274,17,45,31,751,365,397,14,536,15,583,201,618,103,564,378,427,9,750,97,
190,90,289,231,116,277,188,280,145,6,81,605,313,443,182,568,130,643,273,66,162,624,
48,281,490,723,40,204,20,60,260,533,6,81,605,313,443,182,568,130,643,273,66,162,624,190,90,289,231,116,277,188,280,418,219,86,409,237,51,7,748,189,659,
238,866,442,696,
58,153,104,162,624,
74,11,561,492,10,
182,376,250,537,427,9,849,542,138,124,287,2,409,86,290,28,703,217,840,413,463,227,796,14,348,496,756,
58,153,104,162,624,
602,180,73,69,1,386,372,273,66,450,171,153,104,162,624,58,81,716,251,743,101,55,421,57,
74,330,673,132,459,369,676,450,171,102,84,519,7,443,575,127,122,687,31,404,92,446,85,190,90,529,264,387,538,274,17,45,
99,46,323,3,35,
376,326,15,125,276,117,631,293,272,182,
193,274,17,729,190,90,289,383,391,75,632,9,388,476,741,411,372,607,497,134,409,86,840,474,797,262,19,640,461,42,305,126,682,56,174,
163,18,201,179,74,11,625,236,624,452,743,91,809,304,421,327,281,340,
281,340,163,18,201,179,74,11,489,61,228,809,304,421,327,
326,169,37,332,380,398,23,305,5,778,290,318,198,548,2,344,599,334,100,10,30,123,12,662,376,
326,169,37,332,380,398,23,305,5,778,290,318,198,548,2,344,599,334,100,10,30,123,12,662,376,
23,280,41,63,5,778,340,163,85,453,266,462,138,656,544,207,73,227,660,3,121,299,90,224,13,434,703,346,274,17,379,92,348,281,315,595,106,657,238,52,411,372,607,262,19,700,285,196,524,264,581,54,59,35,99,37,332,380,398,
73,165,816,4,595,106,657,238,52,1,340,163,288,656,544,207,
251,716,179,74,340,163,288,104,124,332,380,
251,716,179,74,340,163,288,104,124,332,380,
198,618,185,339,26,19,629,100,10,30,123,12,662,7,844,109,595,106,657,238,52,442,596,340,163,288,104,124,332,380,251,646,
332,380,251,646,198,272,472,124,
11,72,13,264,524,596,340,163,404,676,450,125,276,195,700,149,31,795,251,646,198,618,185,339,26,19,262,797,386,345,364,223,
163,18,94,340,
81,30,123,12,164,719,359,407,866,75,185,339,26,19,629,100,223,11,776,300,420,404,676,450,147,69,23,
568,376,330,361,616,131,267,307,
7,67,435,71,362,302,117,631,127,662,
9,349,140,397,365,695,237,409,632,
251,256,631,127,662,7,397,365,695,237,409,632,9,123,12,412,170,286,395,659,290,633,297,267,307,568,376,
650,300,844,109,418,389,289,188,351,
568,372,671,102,263,595,316,357,220,81,716,179,74,148,290,633,297,267,307,
81,4,595,316,357,220,
81,4,595,316,357,220,
99,46,490,228,862,270,468,555,133,96,17,617,
263,17,617,99,168,778,198,548,28,51,38,102,
46,490,228,862,270,17,617,99,
207,743,532,391,437,2,409,632,9,505,92,320,456,570,190,66,37,45,649,307,650,364,617,99,46,490,228,862,270,17,384,571,102,656,
207,73,227,440,487,607,277,481,24,123,307,650,364,617,99,46,490,228,862,270,17,384,571,102,656,
207,73,198,622,11,29,729,150,12,818,497,513,378,761,16,421,368,656,
127,37,290,670,64,752,452,624,97,622,11,776,238,809,496,844,140,840,413,463,765,533,219,617,364,412,
37,290,670,64,752,452,624,97,622,11,776,238,809,496,844,140,840,413,463,765,533,219,617,364,412,127,
385,46,490,228,862,270,17,384,571,102,263,134,892,
118,345,77,194,91,26,321,406,72,296,466,750,387,866,106,472,124,193,452,624,97,622,11,453,159,496,636,67,494,244,723,474,588,386,784,46,490,228,862,270,17,384,571,102,263,134,892,385,348,217,373,40,776,238,545,63,326,15,
86,491,656,207,562,62,459,238,545,63,326,59,849,542,
723,34,636,67,494,244,
321,406,472,124,382,58,101,491,656,207,572,91,26,
81,223,100,656,207,241,353,355,561,19,342,437,98,50,75,670,
219,617,99,31,318,
120,276,48,37,150,729,9,853,149,163,378,144,192,468,270,17,342,201,565,
163,378,144,192,468,270,17,342,201,565,120,276,48,37,150,729,9,853,149,
163,287,603,97,542,86,687,122,572,91,331,151,29,272,437,98,236,616,116,849,364,853,149,
91,26,321,406,
533,21,289,528,66,442,227,346,672,94,492,561,19,757,12,418,389,464,536,312,465,48,37,378,144,192,468,270,18,
66,162,355,184,424,629,96,250,537,48,37,150,729,9,528,
68,276,100,629,96,250,537,48,37,150,729,9,528,66,442,227,571,350,394,776,11,149,163,
36,702,425,700,422,97,581,295,193,17,376,251,258,259,584,64,670,81,144,
250,620,114,271,247,743,251,258,259,584,64,670,81,144,36,175,487,2,364,853,31,61,703,361,570,190,355,184,69,219,617,99,86,687,116,171,
276,481,153,564,394,776,11,149,163,68,
124,322,184,352,86,205,47,331,155,572,91,284,275,374,333,196,227,346,
11,121,650,217,373,581,295,193,17,566,152,265,717,301,87,268,9,528,564,394,776,
670,81,357,168,221,102,10,402,809,511,
75,24,254,272,124,322,7,748,67,346,195,569,152,265,717,
464,144,36,702,250,537,48,377,755,366,289,19,718,109,59,236,605,360,62,149,163,340,37,150,206,27,172,835,101,148,290,310,14,528,66,352,86,328,365,695,237,564,
124,322,7,510,15,710,525,760,272,
153,11,105,534,150,206,27,172,835,488,148,290,710,525,760,272,124,322,7,397,689,50,296,
347,659,333,196,227,114,500,
281,16,286,357,168,89,474,430,
281,16,286,357,168,89,474,430,
322,7,397,689,50,98,47,331,67,354,5,390,99,74,533,21,111,71,366,289,19,519,106,326,174,399,593,265,717,75,670,81,718,109,410,284,120,565,121,760,272,124,
284,482,784,13,276,100,789,410,
9,820,344,596,205,165,816,185,376,1,52,828,111,71,366,289,19,703,361,389,464,190,624,474,840,249,803,268,
289,226,196,165,816,185,376,1,52,828,111,71,366,
106,629,100,357,168,114,500,75,380,125,132,689,50,175,103,849,59,236,519,
289,26,184,724,56,803,268,9,418,103,849,59,236,391,290,866,83,71,366,
119,342,27,390,99,475,118,42,570,55,497,818,12,487,283,
289,303,46,48,320,92,132,125,82,2,83,71,366,
345,119,342,27,390,99,74,446,272,26,184,424,357,168,114,
92,132,125,82,2,186,98,346,630,90,296,454,39,840,413,91,572,18,402,606,149,853,364,345,165,816,185,276,150,436,
345,497,55,850,422,513,125,82,2,660,39,840,413,91,572,18,402,606,149,853,364,
121,818,12,318,17,263,595,290,657,322,52,269,600,130,342,19,703,361,596,
12,318,17,263,595,290,657,322,52,177,70,254,24,169,280,179,74,669,193,647,272,26,19,703,361,596,121,818,
312,193,647,272,26,19,703,361,596,121,11,327,421,249,369,56,92,
361,596,121,11,153,140,342,364,2,87,538,303,46,323,362,341,294,491,163,19,703,
236,555,15,400,346,98,
121,11,43,205,596,
58,97,183,274,349,77,
303,46,48,281,327,421,6,123,116,108,289,
290,2,350,74,274,116,108,289,207,618,21,155,895,406,72,34,464,77,41,160,382,505,225,66,180,184,98,55,233,435,518,40,832,120,569,474,723,7,93,324,57,780,303,46,809,
569,474,723,7,93,324,57,780,303,46,48,281,540,881,159,623,11,43,205,596,121,16,55,233,435,518,40,832,120,
227,63,591,84,163,270,18,94,30,10,402,481,277,14,
84,163,270,18,94,30,10,402,481,277,14,227,63,591,
16,55,430,57,602,390,99,402,481,277,14,227,63,591,84,74,274,116,786,184,193,174,56,92,243,835,192,107,127,75,632,9,616,236,555,15,185,
17,46,809,
227,194,286,395,429,
382,505,225,66,154,398,
9,200,283,119,193,71,362,12,782,174,56,324,471,65,605,53,75,632,
53,75,632,9,161,46,809,511,16,471,65,605,
74,415,198,361,433,108,244,102,84,
433,108,244,102,84,163,259,258,569,392,
92,505,225,66,190,440,382,741,56,
207,726,434,124,138,27,206,282,159,623,11,418,77,41,160,297,464,300,687,474,624,151,599,162,273,242,24,289,
198,418,77,58,230,332,48,377,674,474,624,151,599,162,273,242,24,289,207,175,325,227,314,542,461,569,392,433,108,244,102,84,74,415,
48,702,86,351,354,721,159,623,11,54,590,239,273,242,24,289,67,193,382,741,56,92,163,781,400,391,778,340,673,149,820,392,569,31,10,30,91,469,84,74,415,198,418,77,58,230,332,
48,182,378,659,16,117,50,377,312,342,119,217,138,27,206,81,678,273,242,24,289,67,193,71,362,12,719,542,373,624,474,430,390,99,127,412,435,230,
150,433,366,224,
150,433,366,224,
377,312,342,236,605,16,117,205,743,247,66,239,398,270,678,273,242,24,289,67,193,71,362,12,348,130,
130,377,674,474,624,290,367,59,326,12,348,
18,263,68,300,649,45,422,40,111,244,102,367,4,447,90,809,394,139,3,206,81,59,326,12,348,130,377,312,23,460,11,430,55,568,19,565,136,38,0,101,487,169,92,163,404,
12,114,342,119,217,345,307,373,624,474,588,11,525,390,99,68,300,649,45,422,105,207,183,274,79,543,46,323,555,15,59,326,
116,469,84,74,454,206,81,318,100,403,193,671,236,342,119,217,345,9,267,117,105,207,183,274,
404,18,339,676,
404,51,135,434,124,116,469,84,523,592,198,189,659,130,372,2,351,77,282,206,81,318,100,403,193,671,236,342,114,168,29,184,31,
130,372,2,351,77,282,206,81,318,100,403,193,671,236,342,114,168,29,184,31,404,51,135,434,124,116,469,84,523,592,198,189,659,
15,290,555,
290,555,15,
25,283,487,137,6,
15,290,11,629,151,567,103,48,276,354,67,331,30,89,592,198,26,203,326,
326,43,198,26,203,
326,43,198,26,203,
464,267,117,302,782,463,835,198,26,305,1,763,12,355,184,29,289,178,66,528,145,11,629,151,619,153,228,5,390,99,
227,325,92,163,414,607,433,35,323,169,280,
163,184,29,289,178,66,272,703,346,26,203,326,43,564,153,228,5,390,99,236,46,260,42,741,
272,46,387,144,87,69,23,16,778,340,673,30,89,474,687,300,564,153,228,5,390,99,410,109,418,128,
345,118,15,290,866,240,816,98,116,853,324,122,322,538,387,46,260,42,741,163,61,
9,535,2,87,69,23,16,118,15,290,866,387,46,260,42,741,163,61,345,
184,268,87,69,78,741,163,
801,86,222,92,500,464,296,395,99,29,289,124,138,853,324,122,69,23,16,78,741,163,61,228,5,137,6,574,118,15,290,866,387,372,25,205,494,883,550,90,396,66,354,67,421,361,616,171,442,58,175,848,264,439,106,840,53,81,322,453,266,32,127,
387,372,25,205,494,883,550,90,488,183,120,595,290,866,
163,61,228,5,137,6,28,78,741,
163,61,228,5,137,6,28,78,741,
69,23,16,45,373,528,564,241,595,290,866,387,372,25,205,494,883,550,90,616,171,442,259,353,
387,372,25,205,494,883,550,90,616,171,442,259,353,69,23,16,45,373,528,564,241,595,290,866,
16,45,373,528,564,241,595,290,866,387,372,25,205,494,883,550,90,616,171,442,259,353,69,23,
16,421,55,175,71,656,491,403,334,48,75,156,67,331,91,673,90,625,273,180,181,568,188,302,731,230,353,69,23,
171,442,10,104,741,163,61,345,9,853,324,602,48,75,156,21,502,195,27,210,436,347,
19,629,11,555,193,17,224,383,439,106,194,
224,379,360,890,407,540,621,338,281,198,72,230,353,69,482,802,312,
100,629,11,555,193,17,492,18,288,104,741,163,450,765,74,627,
72,776,394,688,257,338,281,198,
72,776,394,688,257,338,281,198,
16,117,105,171,442,147,69,23,
72,553,280,841,36,281,198,
91,338,621,539,48,82,49,866,240,156,67,331,
184,555,193,17,81,678,130,72,100,741,163,
100,250,267,237,553,53,406,72,
9,349,77,12,305,388,290,331,91,194,19,700,235,52,92,267,237,553,53,75,391,158,346,353,241,348,190,355,861,151,567,
26,205,372,
13,1,386,190,348,310,344,820,
184,135,431,325,719,212,299,18,389,83,127,569,120,844,207,73,367,423,705,26,205,363,624,361,163,
18,389,83,127,569,120,844,207,73,367,423,705,26,205,363,624,361,163,184,135,431,325,719,212,299,
18,214,281,333,388,290,310,376,134,201,
81,133,555,193,17,
403,491,656,100,145,
66,450,640,193,17,396,
280,167,723,31,465,231,7,844,207,99,402,326,15,144,311,89,50,820,13,752,332,376,662,127,362,380,398,840,
75,380,398,840,280,167,723,31,465,231,7,415,701,122,604,261,227,512,802,344,649,56,70,246,9,530,37,340,121,446,537,254,24,421,67,156,
280,513,17,81,23,537,254,24,421,67,121,340,37,246,9,539,48,705,26,372,411,317,569,162,275,190,592,198,1,282,757,262,622,239,398,840,
48,537,254,24,421,67,156,75,555,74,310,348,130,224,378,866,83,867,235,52,200,303,491,656,100,250,145,403,58,223,262,622,239,398,840,280,513,17,81,37,246,9,539,
224,171,566,407,168,440,56,590,239,398,840,280,513,17,81,446,537,254,24,421,67,844,207,99,402,326,243,835,240,156,75,555,74,310,348,130,
569,162,275,190,592,198,418,328,652,195,820,13,264,317,
37,340,121,173,81,
344,388,290,555,74,569,361,163,12,277,481,402,605,41,43,101,491,656,100,250,145,403,58,397,106,611,
344,388,290,555,74,569,361,163,12,277,481,402,605,41,43,101,491,656,100,250,145,403,58,397,106,611,
344,388,290,555,74,569,361,163,12,277,481,402,605,41,43,101,491,656,100,250,145,403,58,397,106,611,
569,339,238,729,150,702,323,173,81,37,246,9,370,611,344,388,290,555,74,
9,370,611,344,388,290,555,74,569,339,238,729,150,702,323,173,81,37,246,
100,320,48,315,656,
649,54,841,90,673,394,809,184,355,12,625,297,660,7,726,116,318,131,277,322,465,231,
388,333,344,
86,359,212,289,523,446,81,353,259,258,569,442,871,531,284,168,440,95,186,188,280,465,53,659,48,184,355,12,849,90,246,9,328,
184,180,181,150,328,86,359,212,289,523,446,81,382,193,123,528,564,337,95,186,188,280,465,53,659,48,
337,95,186,2,558,11,566,361,389,340,121,30,
12,853,116,220,324,57,603,355,
168,332,376,124,128,798,406,784,46,126,273,
73,56,174,96,196,365,397,106,538,546,865,321,892,487,190,421,57,
296,24,288,326,203,
19,840,53,659,48,315,26,834,12,566,361,
81,16,86,687,445,656,361,19,558,11,105,481,52,385,255,217,27,165,132,166,523,446,
90,139,394,809,17,445,656,474,430,55,440,382,193,114,168,148,334,599,196,365,397,106,99,108,338,281,340,673,
36,186,2,434,
227,323,362,678,273,346,173,102,592,198,864,207,555,74,382,193,114,168,148,334,599,196,365,397,106,99,18,396,66,57,16,10,571,296,392,
290,11,423,705,126,326,203,101,365,397,106,99,18,396,66,57,16,10,571,296,392,227,323,362,678,273,643,325,487,135,51,451,592,198,272,124,464,144,387,372,727,525,710,
289,212,8,401,659,48,37,340,673,90,246,9,81,118,574,230,332,422,148,334,599,442,802,344,388,743,251,
9,530,436,15,710,290,11,567,58,246,
59,109,324,288,649,300,68,96,145,57,123,528,25,395,659,16,10,571,296,464,144,387,372,727,525,710,290,11,141,36,
525,405,676,355,861,151,611,96,145,57,123,528,25,395,659,16,10,571,296,464,144,387,372,727,
809,17,203,101,542,373,217,119,345,497,
74,312,394,350,81,118,574,230,332,198,567,58,529,21,505,134,160,382,193,452,624,
332,376,350,81,118,574,230,
743,251,289,332,198,415,623,384,320,487,135,494,322,549,52,252,201,519,323,44,101,542,373,217,333,14,200,678,273,643,325,141,36,59,109,410,809,236,335,160,382,193,452,624,74,312,394,673,90,246,9,334,599,476,741,38,136,72,633,297,174,280,
335,200,678,273,643,325,141,36,59,109,410,809,236,
193,114,692,64,717,131,267,117,451,382,
9,485,332,198,618,
192,440,382,193,114,168,46,12,376,240,816,280,169,500,464,144,
9,391,185,23,69,353,230,332,198,618,
361,535,188,351,230,332,198,835,488,275,190,570,
72,633,297,174,721,99,136,
290,11,70,169,68,300,743,101,812,38,136,72,633,366,173,323,618,9,391,188,306,2,387,595,241,564,153,142,525,436,15,710,
70,56,174,721,99,18,435,710,290,11,
9,565,136,72,13,46,12,201,3,323,618,
352,677,90,396,66,
366,71,429,395,177,73,776,300,419,163,130,322,326,254,70,56,174,721,99,
71,314,542,138,217,284,91,338,621,238,16,892,487,609,111,21,282,159,721,99,366,
50,116,53,406,798,128,225,378,
50,116,53,406,798,128,225,378,
404,420,698,333,14,376,251,824,407,274,39,50,238,16,185,630,120,331,140,153,142,525,
16,526,85,320,384,66,39,50,238,
274,183,244,3,391,207,849,103,547,251,824,407,
15,2,464,389,340,121,25,205,109,73,525,404,
407,274,74,454,39,50,116,486,12,129,117,156,23,467,149,342,114,168,332,485,666,388,17,559,130,833,234,68,305,659,404,15,2,464,389,340,121,25,205,253,251,824,
6,3,94,345,497,55,430,474,723,173,166,2,116,486,12,129,117,156,18,399,564,236,46,574,
693,384,66,94,345,217,
12,123,384,66,30,121,25,205,130,46,486,
66,30,121,25,205,130,46,486,12,123,384,
12,568,351,124,104,288,303,
17,16,118,
16,118,17,
9,322,124,271,144,31,500,179,11,569,461,62,459,225,58,470,49,533,21,106,373,45,869,159,636,67,156,75,676,85,622,122,701,415,706,48,574,
163,156,18,8,401,659,347,171,99,179,11,407,824,251,466,454,39,660,73,525,265,25,205,130,46,574,9,158,297,68,
99,8,401,659,347,171,
702,415,706,48,103,516,36,312,802,344,310,376,68,163,280,227,250,
329,499,586,72,43,6,
80,810,13,92,86,17,74,312,571,227,250,272,446,191,420,324,149,29,723,
194,318,114,810,13,92,86,17,349,15,191,368,265,25,797,290,124,
320,456,440,607,266,453,85,
43,321,728,435,233,232,373,217,620,250,102,367,59,48,108,789,136,850,85,320,
12,418,252,201,238,313,605,360,383,289,136,850,85,320,43,6,454,
17,75,555,166,2,751,156,23,687,86,
156,23,687,86,17,75,555,166,2,751,
166,2,751,156,23,687,86,17,75,555,
81,13,92,569,302,842,35,
92,569,302,842,35,81,13,
421,454,12,853,67,
91,413,721,118,345,419,210,436,15,710,3,115,342,61,693,410,284,
85,842,35,81,59,519,207,635,132,677,121,596,361,539,58,382,505,185,104,38,102,454,12,163,280,147,69,615,14,484,388,344,514,
81,59,519,207,635,132,677,121,596,361,539,58,382,505,185,104,38,102,454,12,163,280,147,69,615,14,484,388,344,514,85,842,35,
23,840,398,
23,840,398,
616,90,1,208,705,194,407,818,121,325,
290,616,171,14,348,150,563,298,15,144,378,400,486,116,183,139,394,37,332,99,450,659,249,184,
687,116,183,139,394,37,332,99,101,148,334,599,19,507,337,380,125,400,333,659,249,184,290,53,391,286,395,544,656,193,179,11,141,9,703,68,276,239,622,162,407,172,607,440,487,527,336,
12,77,195,700,200,52,481,172,607,299,18,325,616,90,1,454,
12,77,195,700,200,52,17,75,555,356,0,101,542,97,842,35,93,324,220,361,616,90,1,454,
388,236,724,346,98,744,366,
207,27,703,68,297,35,856,433,150,563,298,15,121,408,
388,236,724,346,98,744,366,
703,385,27,
194,9,607,299,18,325,92,56,682,42,724,51,38,102,
102,194,298,15,121,157,1,454,12,26,91,284,410,844,120,756,103,516,36,144,11,804,67,421,190,570,51,38,
1,454,12,26,91,284,168,46,323,519,201,328,652,131,200,283,
26,184,702,463,835,522,25,6,164,310,348,217,119,283,1,454,12,
599,316,227,571,426,629,109,59,81,716,151,
6,164,310,348,217,502,280,465,244,111,35,297,25,
35,297,25,6,164,310,348,217,502,280,465,244,111,
120,289,137,5,783,24,440,487,325,225,37,282,28,290,224,291,326,68,276,72,498,18,219,81,716,151,599,19,624,136,743,388,411,98,47,353,296,392,782,194,9,618,237,169,280,465,244,111,35,297,25,6,164,310,616,90,705,251,91,0,101,104,162,275,374,553,106,629,109,844,
487,137,5,783,24,440,
219,81,13,822,322,607,378,144,11,629,109,165,132,544,207,241,164,310,616,90,617,
353,238,128,680,192,298,15,121,25,329,34,210,419,225,37,282,28,290,
9,618,291,224,392,782,194,
9,618,291,224,392,782,194,
17,286,395,544,207,117,276,72,498,18,
17,286,395,544,207,117,276,72,498,18,
329,25,6,
72,586,499,719,164,310,344,14,436,530,37,282,28,290,671,102,84,737,480,630,167,234,41,280,703,371,324,286,395,544,656,497,136,606,100,276,
6,329,25,
280,841,36,59,35,297,680,192,190,116,123,464,18,17,89,168,349,76,42,630,167,234,41,
1,299,150,181,434,7,348,163,491,303,200,52,252,724,36,59,35,297,680,192,190,116,555,290,568,124,377,
116,555,290,568,124,272,647,193,192,190,
6,523,421,190,116,555,290,568,124,571,25,
351,693,45,650,
6,523,421,190,116,809,332,66,292,1,99,256,52,388,236,840,217,693,45,650,351,124,571,25,
190,464,18,276,72,3,529,760,191,652,195,199,105,11,289,523,421,
190,464,18,108,607,162,599,19,326,429,395,544,207,123,120,748,67,634,314,454,21,618,61,403,58,230,157,6,315,421,
378,34,61,403,58,611,370,421,190,464,18,108,607,
120,748,67,502,280,2,87,145,96,74,850,307,123,
89,222,66,292,1,99,68,300,
120,419,52,411,741,363,46,136,497,330,496,756,
11,83,17,274,206,105,
78,649,260,6,12,487,77,282,21,224,72,220,818,81,625,
46,565,191,610,260,6,152,206,105,11,569,302,616,192,835,101,487,77,345,94,340,778,351,188,289,459,238,1,99,
610,260,6,152,206,105,11,48,73,437,391,286,19,621,238,1,99,46,565,191,
1,99,46,565,191,366,433,607,19,621,238,
6,421,66,27,257,338,621,238,1,99,46,565,191,366,433,607,19,357,100,145,96,74,611,344,310,371,324,426,21,434,75,670,237,610,260,
290,28,6,12,727,14,200,131,322,130,809,
1,99,46,565,136,789,19,26,155,193,609,32,569,50,378,400,268,9,539,621,238,
18,61,2,169,200,131,322,130,809,102,30,673,340,37,290,227,250,96,326,402,
133,205,109,
198,609,32,449,90,677,
621,238,789,19,357,100,190,355,
250,96,74,175,577,378,
19,357,100,190,57,410,693,474,718,109,205,105,11,48,337,418,776,154,789,
19,357,100,190,57,410,693,474,718,109,205,105,11,48,337,418,776,154,789,
81,867,38,415,701,133,
461,91,741,104,288,2,177,290,670,406,287,640,
296,71,447,244,719,541,175,577,378,379,203,103,418,536,717,185,739,193,295,440,56,682,17,492,456,320,200,52,660,297,680,192,675,500,464,544,207,299,90,
9,530,37,303,500,464,544,207,299,90,708,40,831,268,
207,299,90,296,464,544,
90,708,40,831,268,9,344,649,16,10,
9,344,649,16,10,90,708,40,831,268,
73,113,524,196,277,88,723,217,572,155,26,590,239,
74,640,461,7,43,426,629,96,
809,464,300,68,568,184,274,428,313,238,582,154,
154,789,238,582,
74,316,624,154,463,289,6,51,105,133,81,313,428,97,440,24,198,145,87,144,378,577,175,848,317,411,388,485,46,80,300,68,568,184,274,865,435,230,351,86,849,59,54,281,66,526,
154,789,410,693,351,86,849,59,54,281,66,526,74,316,624,
56,324,426,629,96,174,
329,247,66,526,74,316,624,154,789,410,693,351,539,48,465,300,68,568,184,687,116,277,
624,363,407,294,43,320,228,216,445,206,130,231,467,485,46,518,439,514,16,10,67,706,180,602,316,
625,236,335,200,52,481,402,18,396,17,158,227,311,354,351,539,48,73,101,367,24,685,297,
99,92,296,24,685,297,625,236,27,387,144,280,2,335,200,52,481,402,18,396,17,158,766,58,46,518,439,514,16,10,492,193,155,77,631,311,354,351,539,48,73,165,132,166,173,307,
193,155,21,708,40,518,439,514,16,10,492,
171,433,150,534,105,
329,307,99,185,378,577,175,55,98,184,687,116,125,467,149,12,
23,316,624,154,809,402,10,492,193,174,782,134,520,
174,782,134,520,23,316,624,154,809,402,10,492,193,
2,289,134,520,23,280,
66,20,520,23,280,2,366,224,159,226,248,290,711,264,729,476,555,69,89,422,778,247,
247,66,20,520,23,280,2,289,
17,71,123,73,101,357,122,127,132,677,185,378,866,259,163,469,236,318,19,205,886,7,348,14,268,9,396,
23,16,136,335,200,52,322,300,80,816,240,866,259,163,414,134,520,
536,130,342,149,700,11,122,127,132,677,185,618,201,
289,186,2,
11,122,127,132,677,185,52,269,79,543,700,
259,163,355,353,
195,52,269,79,543,700,11,801,294,591,432,90,809,290,711,264,207,99,
251,225,398,154,469,236,27,217,723,474,649,257,688,394,673,
64,114,318,19,133,81,692,
99,195,199,105,207,
205,743,90,371,167,149,12,74,17,445,716,191,420,751,365,196,96,
195,199,105,207,99,
305,126,702,118,74,11,122,572,318,19,133,81,509,15,
207,99,195,717,31,209,24,377,674,474,537,285,9,161,27,102,571,341,483,190,92,376,240,866,366,224,159,226,196,50,820,71,206,105,
206,105,207,99,116,125,133,81,151,602,48,603,12,566,378,481,
11,105,207,118,74,
74,11,105,207,118,
11,105,207,118,74,
207,118,74,11,105,
11,511,670,290,86,542,118,74,
100,762,18,82,48,103,547,886,7,660,35,842,97,542,118,74,647,193,767,127,373,581,231,59,849,9,161,867,81,744,366,687,336,
17,547,886,7,660,35,842,97,542,118,74,11,105,207,99,
17,547,886,7,660,35,842,97,542,118,74,11,105,207,99,
318,19,624,474,718,282,101,743,90,572,
84,362,77,487,66,700,235,867,81,118,74,11,105,207,844,300,693,45,373,581,231,59,849,9,625,272,124,591,
228,216,167,
500,464,267,237,51,469,65,471,281,168,194,91,338,108,15,509,251,
237,51,430,818,12,500,464,267,
15,509,251,290,190,275,430,55,101,205,886,7,486,46,338,108,
108,15,509,251,290,190,275,430,55,101,205,886,7,486,46,338,
163,627,151,104,100,331,47,678,171,152,
152,163,512,464,267,307,649,61,18,376,192,463,835,198,274,127,89,68,124,106,553,374,569,
703,185,717,198,307,650,300,743,172,55,101,205,
90,61,18,376,192,11,163,311,763,169,237,51,596,
367,101,148,
525,140,342,386,784,
73,56,369,421,454,466,251,833,130,751,365,695,237,51,172,258,569,374,121,717,131,81,525,
51,172,258,569,374,121,717,131,81,525,73,56,369,421,454,466,251,833,130,751,365,695,237,
86,234,833,130,751,365,695,237,219,69,297,35,22,127,124,287,611,301,717,131,81,509,320,228,658,481,763,1,283,119,342,244,183,64,114,271,133,889,207,264,317,411,357,
207,99,114,271,133,889,
840,413,463,505,192,11,327,281,160,1,454,466,251,833,130,630,346,98,50,39,
1,454,466,251,833,130,630,346,98,50,39,840,413,463,505,192,11,327,281,160,
596,344,388,484,14,71,494,322,538,333,
207,99,617,219,533,20,520,134,114,271,133,889,
56,92,679,338,236,160,1,280,703,68,224,161,27,390,23,520,134,114,318,207,372,163,156,75,494,322,538,333,596,90,849,9,328,418,
85,453,17,52,177,31,184,268,581,217,333,596,340,20,520,134,114,39,562,62,493,537,293,181,2,287,406,81,444,
333,596,340,20,520,134,114,39,562,62,493,537,293,181,2,287,406,81,444,85,453,17,52,177,31,184,624,120,519,464,263,68,581,217,
236,723,106,553,43,19,420,191,446,272,9,225,751,312,121,818,12,609,7,679,338,
281,490,372,163,338,236,579,92,379,125,133,105,199,214,
251,778,56,181,2,287,406,81,479,630,120,519,464,263,68,581,217,517,446,272,9,330,496,802,512,465,321,6,64,571,296,466,
571,296,466,251,165,444,85,440,295,570,250,579,107,127,124,297,660,32,743,280,703,287,406,81,382,115,784,482,802,512,465,321,6,64,
7,348,190,570,250,579,107,127,124,297,660,32,743,
108,170,198,107,127,75,
778,168,114,692,64,571,487,702,67,121,214,18,376,568,184,566,361,
121,214,18,376,568,184,135,51,105,117,132,677,
163,11,510,7,490,372,
163,11,510,7,490,372,
294,809,34,507,337,383,407,818,430,66,388,666,524,884,93,35,323,555,
294,809,34,507,337,383,407,818,430,66,388,666,524,884,93,35,323,555,
24,272,205,86,542,461,124,322,277,196,181,150,229,27,165,444,423,49,179,237,670,290,276,353,346,98,46,126,305,23,669,297,680,128,20,60,36,490,372,14,333,374,34,507,337,95,186,157,5,
5,228,17,388,666,524,884,93,35,429,395,659,333,374,34,507,337,95,186,157,
394,610,239,273,290,276,353,346,98,46,6,51,105,117,125,380,628,442,696,238,333,374,34,507,337,95,186,157,5,24,272,538,49,179,193,565,217,517,446,74,330,140,349,274,162,275,430,66,225,564,
179,174,326,68,300,610,239,273,290,634,67,519,201,565,2,288,481,658,228,5,24,272,538,49,
260,649,217,517,446,74,669,297,625,372,163,38,43,19,433,856,35,3,201,519,280,703,429,395,177,656,207,118,345,114,132,533,
703,113,25,282,349,9,717,185,502,21,529,264,169,44,323,555,294,809,260,60,36,112,406,81,220,116,687,23,840,53,290,446,74,669,297,625,372,163,38,43,19,558,151,682,126,98,46,280,
7,892,134,490,
100,465,321,892,134,490,7,15,497,536,91,338,236,194,298,56,741,
568,90,210,579,92,487,892,134,490,7,15,629,344,400,127,274,331,476,729,58,71,296,187,
181,56,120,752,496,125,235,128,238,201,565,2,
293,272,66,239,610,512,129,117,631,
224,117,631,293,133,555,11,318,219,237,179,150,206,74,1,386,868,366,797,290,
11,453,159,128,120,743,217,572,18,631,293,133,555,
11,453,159,128,120,743,217,572,18,631,293,133,555,
23,184,89,760,525,436,282,131,267,464,510,122,687,
158,801,227,250,802,91,461,124,252,618,207,844,109,31,177,52,
207,544,132,117,224,163,363,205,743,91,461,124,252,618,
66,304,445,656,187,568,23,520,20,714,7,
17,109,844,410,57,324,715,396,
853,149,579,92,487,320,384,571,226,196,277,131,717,280,835,101,259,584,64,114,271,133,125,388,28,358,737,138,
131,717,280,835,101,259,584,64,114,271,133,125,388,28,358,737,138,853,149,579,92,487,320,384,571,226,196,277,
35,593,235,66,102,757,262,18,630,184,89,760,191,67,660,
150,729,58,514,293,701,415,702,
47,320,384,53,75,434,56,76,42,832,120,630,184,89,760,191,596,260,536,473,138,853,288,568,23,422,628,
130,678,81,603,423,444,
99,32,498,18,11,600,198,802,204,40,380,77,195,
236,179,193,346,121,596,125,388,380,77,195,99,487,581,250,96,611,151,403,130,678,81,223,7,67,478,564,
547,103,201,761,158,801,294,144,87,538,88,495,481,658,228,61,27,161,224,163,410,693,384,66,396,17,
204,41,605,53,75,445,687,512,717,280,809,511,469,16,802,
403,474,801,294,607,487,581,250,145,
403,130,678,81,223,7,67,478,564,236,469,16,345,106,396,17,559,38,0,91,251,258,294,607,487,581,250,145,
16,802,204,40,419,225,564,236,173,172,136,289,27,
172,136,289,27,16,802,204,40,419,225,564,236,173,
25,528,564,236,173,172,136,289,27,16,345,106,396,17,204,31,723,167,216,81,26,312,571,
289,25,528,564,236,173,172,136,
136,396,66,528,564,236,173,172,
289,27,16,345,106,21,241,564,236,173,172,136,
101,136,289,26,312,377,674,185,52,396,66,102,
31,606,149,29,337,230,399,564,236,26,312,377,674,185,52,396,66,180,706,70,12,566,152,205,109,72,449,
66,180,155,3,206,152,205,45,373,18,52,396,