#Network: C:/Users/Yanyan/Documents/Visual Studio 2013/Projects/StressTransGraphVis/data/facebook_899/facebook_899.txt
#Nodes: 899	Edges: 7089
#NodeId	Degree	Closeness	Betweennes	EigenVector	NetworkConstraint	ClusteringCoefficient	PageRank	HubScore	AuthorityScore
0	7.000000	0.321058	287.919232	0.004780	0.136467	0.333333	0.000915	0.005174	0.000364
38	24.000000	0.385573	2143.409100	0.027131	0.050604	0.039855	0.002356	0.004660	0.041071
101	36.000000	0.414398	5368.094760	0.050062	0.035083	0.066667	0.001964	0.034382	0.041206
153	22.000000	0.379223	5804.015065	0.021420	0.053449	0.043290	0.005980	0.008061	0.019305
356	9.000000	0.350507	2036.909646	0.013591	0.120121	0.111111	0.000505	0.002466	0.020545
458	4.000000	0.309122	1822.392159	0.002825	0.262476	0.000000	0.000510	0.001346	0.003501
1	50.000000	0.429049	7565.196053	0.065082	0.026383	0.050612	0.004807	0.038278	0.047926
13	30.000000	0.392311	3461.405929	0.034355	0.041075	0.043678	0.002098	0.010530	0.047671
44	10.000000	0.345784	254.296179	0.011910	0.111204	0.022222	0.001185	0.010743	0.001574
69	29.000000	0.397873	4470.602016	0.037812	0.041649	0.046798	0.002759	0.008718	0.047163
80	22.000000	0.366680	1860.614237	0.017266	0.052615	0.021645	0.002030	0.000870	0.025406
82	18.000000	0.382453	1043.646216	0.026296	0.062980	0.052288	0.001083	0.022455	0.018856
126	17.000000	0.369395	471.730647	0.022806	0.066535	0.029412	0.000563	0.002145	0.035792
158	21.000000	0.394725	2578.295899	0.034138	0.057411	0.109524	0.002493	0.019843	0.035548
160	10.000000	0.360064	325.852841	0.015045	0.111016	0.111111	0.004426	0.000914	0.015951
170	13.000000	0.371689	275.365034	0.021494	0.088143	0.115385	0.000773	0.015842	0.016068
198	54.000000	0.416126	7556.147212	0.061785	0.025204	0.032844	0.005185	0.001780	0.094173
208	6.000000	0.346584	26.829439	0.012072	0.182454	0.200000	0.000410	0.001905	0.014126
218	9.000000	0.371228	320.921227	0.018837	0.121027	0.083333	0.000753	0.017404	0.012792
236	65.000000	0.431523	8417.821280	0.098300	0.022347	0.054808	0.004208	0.000655	0.173993
238	35.000000	0.408553	4841.258065	0.044316	0.034394	0.030252	0.003863	0.002512	0.066440
280	49.000000	0.432563	6229.393572	0.072196	0.027187	0.056973	0.004084	0.020846	0.096170
282	23.000000	0.389419	1994.621207	0.026867	0.049788	0.031621	0.001555	0.012055	0.027021
283	8.000000	0.342748	148.281995	0.009039	0.133554	0.000000	0.000460	0.006233	0.002990
285	7.000000	0.362243	164.786338	0.014823	0.151259	0.047619	0.000407	0.009143	0.017431
289	72.000000	0.463125	14713.738074	0.104481	0.020793	0.059077	0.000447	0.152189	0.004304
292	8.000000	0.371535	55.236121	0.020161	0.135823	0.142857	0.000852	0.002063	0.028672
299	14.000000	0.385077	448.774018	0.028113	0.080057	0.120879	0.000321	0.041924	0.006623
301	6.000000	0.325480	98.319208	0.004657	0.181047	0.000000	0.000352	0.000552	0.006599
305	20.000000	0.396293	2471.001453	0.036857	0.057405	0.110526	0.000493	0.051825	0.008010
312	36.000000	0.427416	4682.395164	0.057817	0.034302	0.060317	0.001313	0.035471	0.060803
386	21.000000	0.379223	1532.117156	0.027354	0.055411	0.033333	0.001430	0.009546	0.038707
406	30.000000	0.391627	4924.347935	0.029898	0.042321	0.050575	0.003611	0.022873	0.015863
440	38.000000	0.421398	4977.263360	0.050036	0.033370	0.059744	0.000948	0.063758	0.013418
2	65.000000	0.436983	10679.486939	0.086638	0.021977	0.043750	0.012659	0.076650	0.042601
15	69.000000	0.453306	12044.411293	0.095517	0.022115	0.065644	0.007006	0.053798	0.108196
16	61.000000	0.442583	8406.075224	0.090382	0.023476	0.066667	0.006250	0.075232	0.072543
17	91.000000	0.469665	20850.105877	0.144367	0.018794	0.099634	0.005515	0.103061	0.149145
51	29.000000	0.389926	3969.377030	0.027943	0.039996	0.022167	0.009137	0.015605	0.026662
61	26.000000	0.405601	1449.806854	0.051340	0.047136	0.107692	0.002722	0.024404	0.067905
83	14.000000	0.382128	468.762294	0.024765	0.080610	0.109890	0.000935	0.026485	0.014447
87	10.000000	0.343666	291.923255	0.010470	0.112233	0.066667	0.001294	0.002769	0.011851
116	51.000000	0.416512	3528.326280	0.078317	0.026552	0.095686	0.001895	0.016681	0.120806
119	8.000000	0.353961	205.281854	0.013197	0.133835	0.035714	0.000534	0.012261	0.010568
166	11.000000	0.353265	365.103667	0.013899	0.101128	0.036364	0.000718	0.003071	0.017402
181	21.000000	0.391285	1083.733183	0.036554	0.054315	0.209524	0.002576	0.010518	0.043724
207	79.000000	0.444334	18376.657672	0.100071	0.018833	0.032457	0.004440	0.013808	0.167298
241	20.000000	0.389926	905.099076	0.028748	0.057181	0.052632	0.001360	0.029586	0.017987
260	17.000000	0.369547	2431.866028	0.021290	0.066491	0.051471	0.000956	0.006117	0.034934
288	31.000000	0.407256	1817.147538	0.055770	0.041880	0.092473	0.004352	0.001128	0.090822
290	70.000000	0.439335	15944.707778	0.093004	0.021035	0.052174	0.003252	0.033388	0.135310
311	25.000000	0.395944	1560.881005	0.037243	0.045642	0.030000	0.001378	0.018907	0.045556
361	50.000000	0.423585	4046.151018	0.072082	0.027162	0.056327	0.001838	0.037418	0.089403
364	11.000000	0.348332	121.148823	0.016523	0.102978	0.054545	0.000884	0.001749	0.029685
366	27.000000	0.403052	1786.262710	0.046306	0.045130	0.065527	0.001949	0.009546	0.077310
370	11.000000	0.367581	222.010016	0.017797	0.099407	0.072727	0.000749	0.013513	0.018270
372	31.000000	0.406703	1984.625607	0.050761	0.041184	0.086022	0.000883	0.031396	0.055573
376	60.000000	0.458163	8655.201941	0.105815	0.026561	0.107345	0.002122	0.133814	0.049738
387	14.000000	0.362097	653.037851	0.017790	0.078812	0.010989	0.003077	0.004089	0.016934
434	21.000000	0.400714	1749.929922	0.034231	0.055579	0.080952	0.001434	0.023829	0.035918
437	19.000000	0.387905	683.741918	0.033296	0.061176	0.081871	0.000804	0.027671	0.029473
487	33.000000	0.416512	4330.164467	0.052657	0.038642	0.089015	0.003600	0.015303	0.064390
528	19.000000	0.414398	777.563034	0.044983	0.061169	0.152047	0.000756	0.038067	0.043278
3	35.000000	0.400000	4492.521893	0.039692	0.035580	0.035294	0.002364	0.038164	0.019993
6	49.000000	0.431316	5991.457234	0.066935	0.028953	0.070578	0.024129	0.025390	0.075175
31	38.000000	0.404869	3478.183841	0.049763	0.033852	0.049787	0.005412	0.017571	0.056139
35	41.000000	0.414972	7490.996216	0.052102	0.032191	0.108537	0.005283	0.041864	0.047499
72	50.000000	0.434656	6885.190410	0.070547	0.028468	0.076735	0.004616	0.070367	0.038288
90	84.000000	0.447880	17984.694233	0.105131	0.018333	0.038153	0.005940	0.016754	0.167234
115	9.000000	0.346718	239.347469	0.010853	0.120674	0.027778	0.000845	0.000583	0.018667
195	37.000000	0.416126	3505.169283	0.057514	0.034106	0.124625	0.001310	0.046968	0.062427
201	35.000000	0.425996	3905.072129	0.059161	0.037304	0.092437	0.002437	0.033677	0.069573
206	29.000000	0.419039	1837.490660	0.055086	0.046573	0.145320	0.001808	0.056254	0.033475
231	21.000000	0.398580	760.037506	0.037611	0.056106	0.119048	0.001193	0.031625	0.037961
244	22.000000	0.372924	1340.361263	0.023478	0.052374	0.025974	0.002173	0.000693	0.039707
323	15.000000	0.373700	578.660846	0.024212	0.077481	0.095238	0.001020	0.000065	0.044423
351	20.000000	0.375889	641.138099	0.027111	0.059487	0.073684	0.001851	0.003022	0.040380
392	16.000000	0.375732	2339.091117	0.024722	0.068095	0.016667	0.000855	0.007117	0.035660
452	9.000000	0.361368	281.124886	0.013573	0.117791	0.000000	0.002114	0.003774	0.021183
529	10.000000	0.362535	2198.208369	0.013222	0.111461	0.088889	0.000705	0.017874	0.006300
4	17.000000	0.376047	677.537578	0.022612	0.069914	0.073529	0.005031	0.009820	0.018582
71	37.000000	0.412874	4211.197403	0.048262	0.034259	0.049550	0.008520	0.024322	0.038552
81	102.000000	0.474379	27717.115432	0.142484	0.016509	0.057853	0.017402	0.038049	0.199191
447	5.000000	0.339765	38.712274	0.007382	0.214962	0.100000	0.002317	0.009671	0.001402
5	16.000000	0.361805	1105.880236	0.015841	0.076097	0.033333	0.001068	0.018807	0.007199
63	12.000000	0.350507	504.688917	0.013066	0.093067	0.030303	0.001875	0.001950	0.017094
114	36.000000	0.402871	4454.925297	0.045957	0.035083	0.046032	0.008439	0.002162	0.064311
228	22.000000	0.385077	4375.575159	0.030025	0.056375	0.073593	0.001017	0.013282	0.037527
235	14.000000	0.363416	767.757482	0.016203	0.079680	0.032967	0.000875	0.000266	0.025273
354	18.000000	0.375732	1071.287408	0.021707	0.063925	0.058824	0.001652	0.001947	0.030742
390	9.000000	0.349416	216.405306	0.013098	0.126159	0.083333	0.002136	0.001905	0.020450
481	40.000000	0.416899	6066.805116	0.054238	0.032281	0.060256	0.003971	0.042641	0.041426
523	14.000000	0.371689	487.113797	0.020738	0.081344	0.076923	0.000443	0.011600	0.021983
12	122.000000	0.483576	35463.434781	0.169973	0.014993	0.055413	0.027428	0.017342	0.232476
23	43.000000	0.426401	7203.309481	0.055098	0.029196	0.037652	0.005690	0.042789	0.043461
59	40.000000	0.433816	2937.062253	0.073744	0.033139	0.091026	0.008648	0.031459	0.072025
152	12.000000	0.371074	348.442420	0.020813	0.095686	0.106061	0.003781	0.000466	0.028885
176	6.000000	0.359776	42.143903	0.013717	0.181140	0.333333	0.003136	0.006389	0.015609
7	64.000000	0.423585	15171.759365	0.063853	0.021423	0.024306	0.007597	0.001254	0.109797
135	11.000000	0.357484	303.072113	0.013092	0.101148	0.072727	0.004755	0.001095	0.010064
340	14.000000	0.384582	535.184824	0.022479	0.078269	0.054945	0.004357	0.011356	0.020468
8	9.000000	0.371074	295.888120	0.020441	0.124840	0.194444	0.001911	0.008686	0.018364
18	79.000000	0.449675	16027.865697	0.103808	0.019886	0.053554	0.010465	0.050632	0.121930
92	54.000000	0.436983	7023.181382	0.073189	0.026222	0.064990	0.004694	0.030492	0.089593
9	128.000000	0.473629	39579.033215	0.146912	0.013776	0.031127	0.018637	0.002762	0.222663
67	38.000000	0.421992	6390.829781	0.045723	0.034534	0.059744	0.009553	0.035565	0.036438
322	36.000000	0.429665	4650.317911	0.061181	0.036277	0.096825	0.008931	0.069274	0.030816
10	26.000000	0.394032	7196.577255	0.035225	0.045685	0.138462	0.011684	0.006651	0.028944
30	24.000000	0.410233	3231.219884	0.043667	0.050218	0.105072	0.003065	0.044963	0.025788
102	47.000000	0.425189	7118.239799	0.067520	0.028749	0.065680	0.004322	0.027921	0.086339
104	19.000000	0.386736	822.066443	0.030807	0.062349	0.111111	0.003276	0.042160	0.003963
11	95.000000	0.468440	24516.507198	0.135867	0.017534	0.059127	0.020017	0.020613	0.196304
48	45.000000	0.416899	5307.558241	0.054124	0.028691	0.039394	0.005648	0.002356	0.074772
54	29.000000	0.405418	1748.900743	0.049372	0.045114	0.103448	0.006681	0.009546	0.062277
57	39.000000	0.416899	3546.572773	0.055383	0.033517	0.071525	0.003728	0.036609	0.060940
66	113.000000	0.483836	32679.503397	0.147166	0.014882	0.049463	0.003881	0.202550	0.027812
168	41.000000	0.436558	3339.922073	0.080384	0.031911	0.095122	0.003670	0.049137	0.081706
21	52.000000	0.425592	10449.720018	0.059831	0.025895	0.039216	0.014584	0.003087	0.077706
164	7.000000	0.362975	94.113625	0.015021	0.157082	0.190476	0.005022	0.003087	0.015050
398	16.000000	0.373544	563.094103	0.022361	0.069571	0.041667	0.000873	0.014546	0.021332
14	48.000000	0.410608	5445.998126	0.061086	0.028698	0.045213	0.003799	0.003209	0.094889
58	87.000000	0.455606	30410.646559	0.105781	0.017383	0.041165	0.010426	0.015367	0.140979
68	29.000000	0.405235	1353.087719	0.050559	0.042749	0.076355	0.002206	0.003293	0.087889
118	16.000000	0.390945	2227.740976	0.030953	0.071118	0.108333	0.002106	0.012369	0.025755
125	19.000000	0.372614	924.050813	0.021472	0.060878	0.058480	0.001216	0.008406	0.022089
138	14.000000	0.376204	726.836367	0.020453	0.079074	0.054945	0.001654	0.002486	0.026888
204	16.000000	0.388408	733.414147	0.025954	0.068374	0.041667	0.001594	0.017346	0.018599
363	17.000000	0.374011	483.040115	0.026077	0.069022	0.073529	0.001195	0.000737	0.042822
45	14.000000	0.371843	1498.911226	0.023698	0.080475	0.076923	0.001999	0.002040	0.025863
78	11.000000	0.354941	203.327925	0.016648	0.101510	0.090909	0.001008	0.008669	0.018598
86	44.000000	0.425391	4415.830919	0.066255	0.029960	0.063425	0.003017	0.024963	0.077674
93	23.000000	0.388913	2877.062312	0.033139	0.052144	0.067194	0.001647	0.017501	0.035772
127	39.000000	0.415741	4261.620241	0.059391	0.032051	0.047233	0.001642	0.015689	0.091625
136	27.000000	0.387403	3086.443869	0.035276	0.044015	0.031339	0.001558	0.010308	0.046676
185	44.000000	0.431316	4772.326302	0.070850	0.030723	0.073996	0.002429	0.028873	0.090795
239	14.000000	0.370768	508.967523	0.021411	0.081755	0.076923	0.001341	0.004509	0.030150
384	20.000000	0.389588	583.618342	0.035944	0.057554	0.073684	0.001082	0.004152	0.055227
445	16.000000	0.384912	619.801411	0.027889	0.072826	0.125000	0.001636	0.012796	0.024917
471	5.000000	0.336834	103.581531	0.008469	0.213942	0.100000	0.000551	0.006540	0.005436
526	11.000000	0.386902	249.404275	0.024898	0.098223	0.072727	0.001059	0.023923	0.008853
47	21.000000	0.383761	1310.498521	0.031223	0.057521	0.095238	0.001634	0.001267	0.038805
74	96.000000	0.460277	25497.379996	0.115600	0.017082	0.040570	0.008326	0.045305	0.150928
75	32.000000	0.397345	4084.228794	0.036195	0.038197	0.028226	0.003518	0.013404	0.037417
99	100.000000	0.482536	22230.834293	0.172047	0.017043	0.080404	0.001816	0.252492	0.028294
109	29.000000	0.396994	1569.034256	0.042427	0.042413	0.059113	0.001894	0.018862	0.051816
130	62.000000	0.434236	8830.106784	0.093419	0.023453	0.057641	0.005769	0.002838	0.155812
193	67.000000	0.436558	17909.559449	0.074830	0.021444	0.033017	0.007532	0.032701	0.091916
199	7.000000	0.341185	77.323445	0.010002	0.156236	0.095238	0.000294	0.007963	0.004232
203	12.000000	0.371997	297.504736	0.020463	0.093471	0.121212	0.000631	0.013435	0.020262
219	17.000000	0.399111	625.513889	0.037892	0.068315	0.125000	0.000421	0.042853	0.015303
304	16.000000	0.376994	1403.222785	0.022772	0.073137	0.066667	0.001488	0.003206	0.031364
545	7.000000	0.348062	103.055528	0.011038	0.152499	0.000000	0.000294	0.008841	0.004232
547	4.000000	0.337214	124.983989	0.006565	0.270655	0.000000	0.000341	0.003363	0.004482
19	71.000000	0.437835	10601.633515	0.095946	0.021282	0.045875	0.004199	0.011323	0.165225
120	43.000000	0.403233	9016.553026	0.045241	0.029693	0.022148	0.003253	0.002305	0.080423
163	101.000000	0.466979	23905.127021	0.138287	0.015745	0.065941	0.003193	0.189803	0.039357
261	16.000000	0.378583	2862.993799	0.024972	0.071929	0.083333	0.001253	0.020597	0.020529
307	31.000000	0.392998	1785.290445	0.042496	0.040068	0.051613	0.001532	0.009414	0.069076
262	8.000000	0.354660	110.242686	0.012996	0.138591	0.107143	0.001164	0.005007	0.014690
20	12.000000	0.347523	987.791411	0.011626	0.095777	0.000000	0.000727	0.001662	0.017190
55	26.000000	0.385077	1384.626776	0.030592	0.045849	0.049231	0.001577	0.022074	0.020009
22	14.000000	0.382779	453.169687	0.024556	0.080498	0.098901	0.000208	0.040778	0.002321
360	14.000000	0.366531	1646.438838	0.017150	0.080887	0.021978	0.000675	0.012564	0.017592
378	31.000000	0.398050	3373.764740	0.035777	0.038268	0.030108	0.001264	0.009190	0.056695
422	37.000000	0.404505	3205.124880	0.050004	0.034492	0.058559	0.001283	0.018199	0.052076
442	49.000000	0.422389	5664.544133	0.067626	0.027823	0.055272	0.002220	0.010154	0.110942
184	54.000000	0.434446	6843.157049	0.082957	0.025603	0.069881	0.002745	0.040359	0.102366
251	45.000000	0.412494	12054.625180	0.046326	0.028062	0.029293	0.004415	0.009251	0.061460
409	8.000000	0.350097	156.246113	0.012653	0.132640	0.000000	0.000573	0.010319	0.003937
24	34.000000	0.407441	5382.457016	0.042430	0.038422	0.064171	0.009019	0.022987	0.027474
209	4.000000	0.313876	586.388228	0.003627	0.273193	0.000000	0.000785	0.003080	0.000958
254	6.000000	0.343535	165.641180	0.009035	0.178250	0.066667	0.000926	0.005789	0.007668
272	39.000000	0.419430	6349.170429	0.057206	0.033441	0.071525	0.002430	0.028324	0.065731
296	22.000000	0.385408	1752.042903	0.026386	0.052801	0.043290	0.002420	0.029943	0.008663
401	6.000000	0.340409	57.942857	0.008463	0.175912	0.000000	0.000755	0.000754	0.014640
421	25.000000	0.388913	1467.337921	0.030771	0.049684	0.083333	0.001138	0.028563	0.015349
25	30.000000	0.408182	6758.410355	0.037762	0.039191	0.043678	0.000660	0.046118	0.015627
106	46.000000	0.407256	5424.592206	0.051881	0.029358	0.031884	0.002155	0.003191	0.097579
113	11.000000	0.363710	865.842710	0.016617	0.102598	0.054545	0.000743	0.007150	0.021529
121	47.000000	0.414972	5562.268755	0.056970	0.029096	0.047179	0.003098	0.023670	0.065325
131	27.000000	0.382779	1610.446997	0.032257	0.045326	0.042735	0.001458	0.015144	0.036250
191	22.000000	0.381640	1349.216236	0.027809	0.053943	0.064935	0.001238	0.024356	0.020506
265	9.000000	0.331365	219.782715	0.007259	0.121550	0.000000	0.003557	0.000767	0.011359
291	6.000000	0.338230	56.699073	0.008656	0.173888	0.000000	0.000219	0.004321	0.012819
297	34.000000	0.395944	6037.881579	0.039056	0.037671	0.039216	0.005145	0.043329	0.022255
329	23.000000	0.396994	1907.266429	0.029673	0.050493	0.055336	0.000290	0.045071	0.006330
395	14.000000	0.361514	2168.170469	0.017491	0.080635	0.043956	0.000825	0.003716	0.028907
439	10.000000	0.341705	346.396085	0.007675	0.114655	0.111111	0.001145	0.006938	0.007040
456	9.000000	0.343798	188.063705	0.010247	0.119837	0.000000	0.000284	0.000260	0.018524
522	3.000000	0.312022	26.153391	0.002772	0.347901	0.000000	0.000203	0.001958	0.002992
26	31.000000	0.420609	2587.232107	0.056262	0.041448	0.094624	0.000622	0.070060	0.027671
91	29.000000	0.393342	3998.291362	0.036821	0.040751	0.036946	0.002184	0.003701	0.049366
155	12.000000	0.355784	680.483587	0.014157	0.095624	0.060606	0.000364	0.011549	0.011063
321	22.000000	0.379063	2469.736457	0.022528	0.055734	0.043290	0.001091	0.024554	0.014634
339	17.000000	0.385905	1358.182332	0.027874	0.068306	0.095588	0.000802	0.035272	0.010702
346	31.000000	0.417674	2295.196475	0.058216	0.041620	0.131183	0.001003	0.033738	0.071785
464	45.000000	0.427212	4754.826997	0.073647	0.029853	0.079798	0.001073	0.038854	0.091863
27	56.000000	0.443238	7488.727164	0.093232	0.025480	0.087013	0.010689	0.089846	0.046402
88	15.000000	0.360498	797.124145	0.015800	0.075412	0.009524	0.001822	0.000356	0.025357
108	39.000000	0.422389	4069.862542	0.065840	0.035223	0.102564	0.001708	0.065208	0.048441
122	35.000000	0.402871	5891.809278	0.043925	0.036734	0.122689	0.003283	0.033637	0.030860
149	26.000000	0.400535	2342.460381	0.042228	0.048992	0.113846	0.001110	0.026087	0.045529
161	7.000000	0.361078	164.264776	0.016530	0.151144	0.047619	0.000573	0.009964	0.018941
165	22.000000	0.396818	1382.298789	0.037843	0.057097	0.134199	0.001171	0.028938	0.028018
167	22.000000	0.386237	1198.496255	0.031425	0.055239	0.069264	0.001042	0.033470	0.014606
263	26.000000	0.425996	1300.797499	0.056035	0.045699	0.107692	0.000843	0.092399	0.005523
385	23.000000	0.385408	1838.246024	0.037106	0.051066	0.055336	0.001423	0.004443	0.062248
28	23.000000	0.399644	1849.770280	0.034963	0.051349	0.063241	0.001882	0.014827	0.031281
94	19.000000	0.398757	1034.640372	0.034102	0.060622	0.076023	0.000697	0.023476	0.030365
29	20.000000	0.404505	655.747435	0.045036	0.059360	0.142105	0.002163	0.021047	0.042687
151	32.000000	0.390435	2959.360021	0.037141	0.040540	0.032258	0.001844	0.008179	0.061419
194	44.000000	0.427619	6857.948887	0.061855	0.030865	0.071882	0.001735	0.067110	0.034730
248	17.000000	0.386902	884.641393	0.030732	0.068052	0.102941	0.001152	0.011350	0.036646
303	15.000000	0.384418	498.016692	0.029109	0.077992	0.152381	0.002964	0.028209	0.015990
318	39.000000	0.444334	2519.300990	0.091612	0.033376	0.141700	0.001738	0.133316	0.022956
32	16.000000	0.366232	598.781991	0.021912	0.072514	0.041667	0.000746	0.000000	0.039813
516	7.000000	0.349280	106.062305	0.010876	0.152656	0.047619	0.000801	0.016665	0.000000
33	7.000000	0.336582	122.089195	0.008160	0.155295	0.000000	0.001025	0.000702	0.014204
34	25.000000	0.397169	2222.527602	0.043368	0.048914	0.096667	0.001326	0.017272	0.055888
210	8.000000	0.352019	129.396732	0.013925	0.138276	0.142857	0.000440	0.009546	0.011346
374	14.000000	0.368033	442.591277	0.018912	0.079235	0.043956	0.000409	0.023282	0.010549
100	47.000000	0.413634	4873.167482	0.057509	0.028754	0.048104	0.005023	0.001189	0.093759
36	45.000000	0.403777	7664.095720	0.047415	0.029170	0.028283	0.004260	0.011677	0.059937
112	6.000000	0.349280	88.972530	0.010993	0.174720	0.066667	0.001845	0.008061	0.009194
37	29.000000	0.399466	3576.047992	0.038423	0.043548	0.061576	0.003487	0.036135	0.021850
150	31.000000	0.390265	4791.589849	0.035970	0.039770	0.027957	0.002012	0.009546	0.054938
332	24.000000	0.404322	1161.832346	0.048137	0.052775	0.137681	0.001091	0.015490	0.071042
394	18.000000	0.357912	1971.317887	0.015214	0.064951	0.019608	0.000852	0.005856	0.018327
39	10.000000	0.367280	167.824719	0.018055	0.107865	0.044444	0.000295	0.008309	0.025765
50	36.000000	0.397521	3415.329090	0.041752	0.034699	0.039683	0.003396	0.003167	0.062858
40	28.000000	0.382779	3752.320083	0.028925	0.043913	0.037037	0.001589	0.008179	0.041243
41	22.000000	0.387403	1209.862642	0.029648	0.054918	0.069264	0.000543	0.012990	0.037766
43	39.000000	0.426198	3785.455283	0.057995	0.033062	0.062078	0.000655	0.079035	0.022873
234	12.000000	0.373855	549.597112	0.019321	0.092556	0.075758	0.000357	0.023342	0.010085
349	20.000000	0.400893	1547.186102	0.040588	0.060051	0.136842	0.000556	0.045019	0.021299
543	5.000000	0.328817	45.075964	0.006035	0.213416	0.000000	0.000465	0.001600	0.007707
42	44.000000	0.400714	5434.833151	0.045046	0.029177	0.022199	0.005476	0.000444	0.073795
425	7.000000	0.335325	110.186563	0.007096	0.160657	0.142857	0.004865	0.002166	0.010814
162	26.000000	0.394725	1487.415438	0.039772	0.046664	0.055385	0.000857	0.012806	0.064763
233	9.000000	0.361514	478.730457	0.015473	0.123916	0.166667	0.000452	0.008623	0.016849
237	23.000000	0.376047	1802.829333	0.023637	0.050422	0.007905	0.000885	0.001095	0.044838
294	29.000000	0.383761	2359.094641	0.032028	0.043241	0.036946	0.001471	0.011207	0.049623
316	22.000000	0.397873	954.171357	0.038230	0.052669	0.051948	0.000606	0.015969	0.054100
426	11.000000	0.352157	210.830973	0.013669	0.101037	0.036364	0.000778	0.006919	0.016401
494	14.000000	0.359632	1890.227675	0.015749	0.079141	0.021978	0.000686	0.011443	0.010208
498	10.000000	0.362243	140.625814	0.017403	0.112966	0.155556	0.000369	0.017578	0.010901
169	33.000000	0.424988	3869.111787	0.049991	0.037401	0.062500	0.001079	0.067812	0.013808
172	34.000000	0.416126	2560.228583	0.054437	0.036866	0.078431	0.001559	0.044306	0.036699
215	2.000000	0.324422	19.219648	0.004847	0.525610	0.000000	0.000293	0.009143	0.000441
240	16.000000	0.375732	1457.160646	0.023329	0.071035	0.050000	0.001714	0.003087	0.032786
488	22.000000	0.408925	2196.656917	0.041765	0.052579	0.069264	0.001707	0.033696	0.033325
85	27.000000	0.384253	2722.450421	0.027242	0.044163	0.019943	0.003702	0.001746	0.038971
373	19.000000	0.383597	719.960885	0.029388	0.060979	0.070175	0.001135	0.039828	0.010704
46	62.000000	0.453535	10484.488401	0.100113	0.022959	0.077208	0.004067	0.124855	0.053168
98	30.000000	0.398226	1606.178255	0.044834	0.041489	0.068966	0.002149	0.048492	0.013657
302	19.000000	0.365486	2728.098659	0.020767	0.060279	0.017544	0.000839	0.003022	0.031334
338	13.000000	0.375418	667.452592	0.021888	0.084777	0.051282	0.000328	0.025931	0.007965
362	27.000000	0.406151	2317.407474	0.044061	0.045709	0.096866	0.001164	0.058228	0.014410
369	11.000000	0.349688	262.870247	0.011244	0.103407	0.054545	0.000325	0.010526	0.008260
518	6.000000	0.332223	172.600936	0.006203	0.176550	0.000000	0.000444	0.003670	0.005412
525	25.000000	0.387403	4276.834186	0.027261	0.048974	0.050000	0.005856	0.026680	0.018686
230	21.000000	0.386403	3274.681210	0.026134	0.056499	0.057143	0.002021	0.036696	0.003969
49	16.000000	0.367280	686.870338	0.018984	0.070764	0.033333	0.001029	0.000163	0.027244
175	21.000000	0.397345	5089.210882	0.029896	0.055925	0.057143	0.001716	0.046982	0.003209
317	10.000000	0.345917	2359.143027	0.009680	0.118356	0.066667	0.001584	0.004581	0.007487
154	17.000000	0.367731	633.399933	0.019960	0.070885	0.073529	0.002072	0.002557	0.030679
404	13.000000	0.382290	810.737288	0.024602	0.084241	0.089744	0.001015	0.020346	0.020763
430	15.000000	0.371843	514.698674	0.020881	0.076779	0.085714	0.002367	0.014793	0.017956
450	17.000000	0.380831	2653.677232	0.026511	0.065837	0.029412	0.001619	0.002086	0.046303
451	10.000000	0.340668	276.865953	0.007519	0.108199	0.000000	0.000954	0.007933	0.001863
530	9.000000	0.364005	298.275939	0.014632	0.121121	0.083333	0.001329	0.016238	0.008442
52	48.000000	0.427212	7588.859792	0.069996	0.027486	0.058511	0.000964	0.078344	0.033684
177	27.000000	0.401251	1800.801959	0.037943	0.043993	0.051282	0.001228	0.024186	0.035653
190	38.000000	0.413825	5859.228153	0.050847	0.033607	0.064011	0.001169	0.042743	0.044458
200	27.000000	0.392826	2763.645759	0.034254	0.043827	0.039886	0.001413	0.028419	0.031808
252	21.000000	0.382779	1180.009187	0.032926	0.055908	0.057143	0.001812	0.001044	0.055817
256	12.000000	0.363563	271.561834	0.019559	0.090920	0.045455	0.000431	0.002524	0.031175
377	39.000000	0.421794	4238.768817	0.061009	0.037021	0.165992	0.000678	0.071508	0.032575
407	28.000000	0.391969	3817.773282	0.033415	0.043890	0.044974	0.001100	0.038832	0.013088
410	16.000000	0.371381	534.982670	0.025371	0.072993	0.066667	0.000646	0.003399	0.044870
419	11.000000	0.365041	323.460533	0.016709	0.097964	0.036364	0.000880	0.010539	0.018832
485	13.000000	0.369395	524.953360	0.020417	0.090260	0.089744	0.000441	0.015641	0.013580
512	15.000000	0.382128	421.105622	0.027080	0.075635	0.076190	0.000606	0.000739	0.046930
540	6.000000	0.325362	732.802103	0.004758	0.185230	0.066667	0.000370	0.000482	0.007168
549	3.000000	0.337721	3.885774	0.008224	0.351649	0.333333	0.000535	0.001616	0.006062
53	24.000000	0.399822	1550.306669	0.037154	0.049022	0.065217	0.000748	0.034224	0.030084
391	31.000000	0.406519	2264.985292	0.045874	0.040951	0.073118	0.001280	0.056360	0.021523
344	28.000000	0.395769	2522.101533	0.034931	0.044124	0.063492	0.001252	0.014789	0.046045
497	26.000000	0.397521	1644.272703	0.038706	0.045729	0.052308	0.000526	0.030179	0.044143
56	26.000000	0.378105	1835.285783	0.028389	0.045569	0.012308	0.001882	0.008939	0.033842
418	26.000000	0.419822	1613.401798	0.052685	0.046992	0.116923	0.000763	0.053986	0.042145
325	22.000000	0.391285	1211.306400	0.031241	0.056415	0.099567	0.001452	0.024911	0.023354
222	9.000000	0.370462	47.939978	0.022603	0.124903	0.277778	0.000877	0.012256	0.022123
505	14.000000	0.390945	441.191077	0.027829	0.085041	0.175824	0.000852	0.033732	0.010031
60	4.000000	0.317314	42.991222	0.004046	0.263272	0.000000	0.000171	0.004602	0.002987
489	3.000000	0.336078	9.093628	0.007241	0.342446	0.000000	0.000522	0.008061	0.003620
62	10.000000	0.359776	1179.454207	0.014496	0.111543	0.088889	0.000664	0.011384	0.012030
64	14.000000	0.368033	1650.700374	0.016512	0.084179	0.043956	0.000651	0.012126	0.018441
65	7.000000	0.323720	123.876405	0.004471	0.159389	0.000000	0.000217	0.000268	0.005973
453	13.000000	0.369852	2712.959998	0.019211	0.084580	0.076923	0.003187	0.026878	0.001082
521	2.000000	0.327379	68.315847	0.005324	0.532645	0.000000	0.000228	0.009546	0.000011
79	8.000000	0.344854	361.587129	0.009171	0.141809	0.035714	0.000392	0.001018	0.015427
132	22.000000	0.386736	3653.151160	0.028430	0.055090	0.069264	0.000825	0.018677	0.026439
173	37.000000	0.428640	2334.585504	0.071513	0.034747	0.097598	0.000662	0.095783	0.020899
178	9.000000	0.362975	43.716804	0.021378	0.124942	0.222222	0.000372	0.000897	0.035352
180	19.000000	0.397521	1260.741787	0.033548	0.061383	0.093567	0.001017	0.017658	0.031701
189	12.000000	0.365635	654.523303	0.016057	0.090679	0.015152	0.000448	0.003867	0.027246
196	24.000000	0.397521	2047.747389	0.034699	0.049907	0.076087	0.000348	0.036168	0.018727
225	26.000000	0.402691	2780.845150	0.033324	0.048139	0.070769	0.001030	0.030882	0.023007
232	26.000000	0.422191	1440.276479	0.057055	0.048534	0.144615	0.000329	0.051490	0.051510
247	11.000000	0.359488	261.735551	0.016660	0.102287	0.090909	0.000475	0.001128	0.028721
273	28.000000	0.398050	1542.649053	0.047416	0.045554	0.116402	0.000535	0.043157	0.043536
275	13.000000	0.373855	241.346109	0.022737	0.088404	0.153846	0.000257	0.021108	0.016132
313	11.000000	0.380186	936.874454	0.021886	0.101866	0.127273	0.000266	0.025457	0.010921
334	20.000000	0.404140	766.449954	0.041689	0.058204	0.094737	0.000336	0.027784	0.050674
337	28.000000	0.395421	3023.738347	0.034642	0.043847	0.042328	0.000856	0.031781	0.025529
352	10.000000	0.355081	3703.927563	0.013912	0.108487	0.066667	0.000834	0.005126	0.015494
367	17.000000	0.392311	646.397117	0.032095	0.068325	0.110294	0.000385	0.034486	0.010724
381	6.000000	0.363563	147.516277	0.013730	0.172444	0.000000	0.000200	0.014554	0.008317
396	12.000000	0.399822	918.558811	0.033535	0.090693	0.106061	0.000271	0.052546	0.008375
411	12.000000	0.365041	567.822634	0.017532	0.091862	0.045455	0.000398	0.004713	0.021818
413	6.000000	0.345917	65.975040	0.009526	0.175987	0.000000	0.000277	0.002027	0.015909
459	15.000000	0.385408	829.622017	0.022163	0.075214	0.085714	0.000330	0.022285	0.017659
475	7.000000	0.376678	83.676607	0.022123	0.151582	0.190476	0.000235	0.016599	0.026695
503	7.000000	0.376994	120.879115	0.018725	0.151346	0.095238	0.000200	0.027471	0.008317
506	2.000000	0.328577	75.971339	0.004716	0.520625	0.000000	0.000200	0.000410	0.008317
536	27.000000	0.407996	1512.865571	0.047052	0.046194	0.102564	0.000223	0.070074	0.014234
156	10.000000	0.366082	258.944749	0.016753	0.112594	0.133333	0.000884	0.014210	0.010848
182	18.000000	0.379223	1531.944822	0.027229	0.065989	0.084967	0.001945	0.016697	0.027043
300	24.000000	0.382942	1084.243871	0.033760	0.049562	0.057971	0.001852	0.003722	0.053149
70	15.000000	0.378743	840.205565	0.021867	0.075543	0.066667	0.000410	0.028883	0.004264
246	5.000000	0.357484	87.103638	0.012761	0.206333	0.000000	0.000199	0.022697	0.001186
435	16.000000	0.376836	4537.200369	0.020109	0.070904	0.041667	0.001653	0.018532	0.013824
448	2.000000	0.329783	2.859211	0.005620	0.510032	0.000000	0.000891	0.008061	0.000999
449	11.000000	0.374011	208.438739	0.021763	0.099905	0.109091	0.000891	0.033103	0.000999
96	19.000000	0.395944	892.458279	0.034421	0.063251	0.128655	0.000704	0.036964	0.020480
139	8.000000	0.360643	340.959664	0.014454	0.140828	0.214286	0.000436	0.018792	0.005132
220	17.000000	0.396818	859.122800	0.036116	0.068849	0.154412	0.000722	0.047300	0.008581
226	13.000000	0.381965	766.231540	0.022952	0.087173	0.115385	0.000795	0.017499	0.021130
73	37.000000	0.424787	2800.900923	0.060140	0.034115	0.073574	0.002277	0.063264	0.031687
123	28.000000	0.420412	1401.799890	0.054634	0.044335	0.103175	0.000430	0.088003	0.003283
134	39.000000	0.421201	5874.421375	0.057459	0.034765	0.090418	0.003300	0.054930	0.039790
76	3.000000	0.310404	11.912852	0.003480	0.348296	0.000000	0.000203	0.004420	0.001849
77	24.000000	0.399644	1041.074313	0.039401	0.050370	0.090580	0.000519	0.040328	0.024262
324	38.000000	0.413444	4572.162735	0.055540	0.034142	0.066856	0.002861	0.056892	0.025855
84	19.000000	0.377311	2417.858951	0.023877	0.060312	0.046784	0.002379	0.013163	0.025433
328	12.000000	0.365635	616.733851	0.018280	0.095552	0.060606	0.001048	0.020554	0.006200
357	31.000000	0.415548	2219.101033	0.057961	0.043940	0.137634	0.000966	0.070019	0.028299
491	8.000000	0.348332	262.511810	0.012668	0.133319	0.000000	0.000636	0.002694	0.016701
268	18.000000	0.390435	3092.647901	0.027654	0.062708	0.039216	0.001224	0.017451	0.020259
89	32.000000	0.406335	3902.068485	0.047763	0.038644	0.070565	0.001333	0.063817	0.009280
171	42.000000	0.427619	7074.717239	0.064382	0.032206	0.085947	0.002781	0.079936	0.016884
192	38.000000	0.411927	5564.570161	0.050174	0.035045	0.068279	0.003210	0.022918	0.050252
482	14.000000	0.362389	801.126820	0.017695	0.080085	0.054945	0.000396	0.004542	0.015565
508	4.000000	0.322557	34.438240	0.004162	0.260993	0.000000	0.000237	0.000537	0.005479
243	6.000000	0.337848	54.533807	0.008554	0.175710	0.000000	0.000664	0.003545	0.008184
533	27.000000	0.415741	2401.090644	0.045280	0.043943	0.076923	0.000517	0.076560	0.002380
202	3.000000	0.317876	22.102734	0.003808	0.362647	0.333333	0.000374	0.003302	0.003879
492	12.000000	0.367882	2243.681181	0.019518	0.096831	0.151515	0.001263	0.021866	0.006324
95	13.000000	0.355925	296.917751	0.013837	0.085097	0.012821	0.001140	0.003850	0.018429
133	21.000000	0.383269	1495.024063	0.029637	0.064217	0.152381	0.000713	0.033034	0.013936
217	31.000000	0.376047	3219.681607	0.029672	0.038648	0.015054	0.005835	0.001905	0.052760
250	26.000000	0.388240	4981.656206	0.030817	0.044154	0.030769	0.001796	0.005536	0.043106
97	25.000000	0.385408	5599.006080	0.027184	0.051275	0.083333	0.002339	0.023634	0.022789
359	17.000000	0.380347	1345.926203	0.026196	0.070865	0.088235	0.002519	0.033075	0.002618
310	22.000000	0.400535	1406.445100	0.036991	0.055229	0.099567	0.000506	0.045359	0.018984
414	12.000000	0.365041	270.360342	0.019644	0.095913	0.106061	0.000433	0.009567	0.023159
527	8.000000	0.345651	93.070370	0.012158	0.143262	0.107143	0.000328	0.003814	0.016952
110	5.000000	0.338357	175.572247	0.009064	0.222534	0.200000	0.001320	0.003729	0.012254
140	26.000000	0.388576	1602.711616	0.036200	0.046125	0.049231	0.008308	0.008284	0.052660
179	25.000000	0.426401	1926.245581	0.059857	0.048778	0.166667	0.000341	0.073016	0.036705
205	52.000000	0.440844	6930.610049	0.085801	0.027710	0.095777	0.001257	0.094132	0.033695
221	6.000000	0.350234	31.656837	0.013840	0.183659	0.333333	0.000753	0.000897	0.019022
308	3.000000	0.344457	13.909470	0.009686	0.344850	0.333333	0.000184	0.010172	0.010368
402	11.000000	0.376994	467.177250	0.023429	0.098670	0.072727	0.001467	0.015339	0.028253
429	9.000000	0.357912	157.349719	0.018597	0.120660	0.083333	0.000829	0.004721	0.028228
474	24.000000	0.373700	1226.491878	0.027865	0.047322	0.000000	0.000914	0.000381	0.057048
490	14.000000	0.379704	419.538257	0.025127	0.079561	0.098901	0.000578	0.014228	0.019369
259	9.000000	0.353265	865.565558	0.011792	0.128133	0.111111	0.000498	0.006172	0.009941
365	11.000000	0.332593	662.646047	0.007754	0.102742	0.000000	0.000815	0.001160	0.009652
542	16.000000	0.370615	735.651363	0.020592	0.070922	0.050000	0.001067	0.027404	0.006487
335	10.000000	0.346584	2169.045337	0.011150	0.111958	0.066667	0.000804	0.012333	0.001659
103	19.000000	0.366531	1697.284651	0.019656	0.063224	0.023392	0.001279	0.006271	0.020439
295	7.000000	0.337467	133.505854	0.007585	0.155723	0.047619	0.000474	0.005622	0.007017
124	52.000000	0.431731	9408.941745	0.070313	0.025917	0.052036	0.001843	0.083116	0.045457
105	14.000000	0.372460	454.068037	0.023404	0.085244	0.153846	0.001154	0.014090	0.017530
117	29.000000	0.401790	2026.856404	0.039840	0.045146	0.083744	0.001660	0.026015	0.026417
107	5.000000	0.333210	51.405145	0.006739	0.213838	0.100000	0.000651	0.007629	0.003994
315	18.000000	0.390265	436.124154	0.032898	0.066700	0.156863	0.000528	0.037719	0.012979
531	7.000000	0.328697	94.523500	0.006235	0.158397	0.047619	0.000591	0.000897	0.006867
111	9.000000	0.358197	383.373797	0.013906	0.124021	0.111111	0.000228	0.022152	0.001526
524	8.000000	0.324422	442.281995	0.005624	0.139708	0.000000	0.000627	0.000807	0.008905
129	5.000000	0.350781	37.450099	0.012053	0.216186	0.200000	0.000317	0.011473	0.010038
267	11.000000	0.372614	274.860156	0.020075	0.101419	0.145455	0.000275	0.032402	0.001068
276	27.000000	0.405601	2611.244659	0.043228	0.042920	0.054131	0.000275	0.072172	0.001068
214	8.000000	0.355925	221.528404	0.012319	0.131766	0.000000	0.000852	0.008061	0.006235
278	4.000000	0.329300	39.414850	0.005871	0.274398	0.166667	0.000386	0.005789	0.004342
469	17.000000	0.376362	810.194810	0.025864	0.068983	0.095588	0.000386	0.033642	0.005443
253	4.000000	0.337087	29.826318	0.007312	0.262172	0.166667	0.000246	0.005046	0.007278
271	9.000000	0.349552	180.675126	0.010720	0.119490	0.055556	0.000244	0.009655	0.008698
287	11.000000	0.372305	366.310386	0.019255	0.105639	0.127273	0.000772	0.007947	0.023225
309	2.000000	0.321864	5.201437	0.004095	0.509312	0.000000	0.000217	0.004509	0.003413
358	5.000000	0.321518	100.349759	0.004688	0.217221	0.000000	0.000283	0.001660	0.003900
461	13.000000	0.374011	603.968889	0.017731	0.087980	0.064103	0.000462	0.021655	0.009325
496	13.000000	0.341835	569.471848	0.008387	0.087316	0.012821	0.000620	0.000539	0.016825
274	31.000000	0.420412	3180.960149	0.053626	0.040519	0.088172	0.000513	0.078965	0.020392
400	23.000000	0.381965	1329.677226	0.030673	0.053566	0.067194	0.000405	0.035454	0.006941
128	19.000000	0.377311	4099.661612	0.021467	0.059503	0.023392	0.000433	0.032210	0.003242
159	14.000000	0.343010	2511.419832	0.008173	0.084273	0.021978	0.001387	0.000044	0.013126
483	4.000000	0.317427	46.547909	0.003539	0.264118	0.000000	0.000281	0.000651	0.003817
293	17.000000	0.376362	1021.312586	0.024044	0.068151	0.066176	0.002949	0.006411	0.030826
137	12.000000	0.364300	747.980559	0.016804	0.094760	0.121212	0.000247	0.013013	0.010482
462	12.000000	0.351743	225.035835	0.014620	0.093853	0.030303	0.000635	0.027657	0.000102
473	6.000000	0.341835	520.542775	0.009632	0.187992	0.066667	0.000902	0.009546	0.007679
546	4.000000	0.318666	28.871538	0.003789	0.270789	0.000000	0.000273	0.003867	0.003301
141	7.000000	0.368033	143.258857	0.016815	0.147965	0.000000	0.000167	0.027826	0.000000
142	2.000000	0.294330	12.076178	0.001486	0.522265	0.000000	0.000167	0.001560	0.000000
143	1.000000	0.277847	0.000000	0.000884	1.049861	0.000000	0.000167	0.000848	0.000000
433	19.000000	0.384582	2906.930712	0.028967	0.064612	0.116959	0.000712	0.034070	0.020644
144	17.000000	0.388913	713.346429	0.029213	0.068120	0.117647	0.000167	0.047076	0.000000
403	37.000000	0.422191	3082.480019	0.060405	0.034959	0.084084	0.000772	0.098924	0.005294
145	13.000000	0.369092	244.728452	0.022320	0.087918	0.115385	0.000167	0.034584	0.000000
146	1.000000	0.298637	0.000000	0.001826	1.018861	0.000000	0.000167	0.003191	0.000000
147	15.000000	0.362097	358.788363	0.019117	0.076190	0.066667	0.000167	0.027646	0.000000
148	14.000000	0.368033	687.667764	0.021431	0.079226	0.043956	0.000712	0.025449	0.005946
501	6.000000	0.329300	136.214734	0.005265	0.178880	0.000000	0.000387	0.007992	0.001584
157	7.000000	0.352019	132.644193	0.011260	0.151152	0.047619	0.000167	0.015140	0.000000
186	13.000000	0.368335	309.468252	0.022394	0.088917	0.128205	0.000222	0.019264	0.018174
355	21.000000	0.395769	2544.844774	0.031417	0.054976	0.047619	0.001785	0.025232	0.024165
270	13.000000	0.370921	1205.817929	0.019773	0.090513	0.128205	0.001134	0.016669	0.015228
348	18.000000	0.397169	951.570345	0.032552	0.061890	0.065359	0.000199	0.048636	0.007794
405	7.000000	0.354241	151.819114	0.012542	0.151279	0.000000	0.000305	0.000767	0.022446
417	5.000000	0.354241	48.761962	0.012584	0.210635	0.100000	0.000303	0.010925	0.009330
499	7.000000	0.342226	268.680504	0.010037	0.160374	0.095238	0.000359	0.000620	0.014890
444	5.000000	0.341705	80.895529	0.009417	0.215246	0.100000	0.000289	0.016178	0.001603
264	29.000000	0.387069	9524.292664	0.027951	0.040865	0.022167	0.002755	0.032889	0.019654
174	29.000000	0.407626	2768.997333	0.042379	0.044887	0.088670	0.002296	0.039891	0.028582
242	14.000000	0.343930	2371.199096	0.009373	0.079779	0.010989	0.000962	0.002320	0.011739
389	15.000000	0.375418	397.711291	0.025016	0.074103	0.057143	0.000315	0.030451	0.012875
500	21.000000	0.396994	1692.887787	0.037236	0.059633	0.142857	0.001043	0.036822	0.015089
347	6.000000	0.335575	79.226929	0.006702	0.175786	0.000000	0.000336	0.003191	0.008735
188	17.000000	0.369243	574.140827	0.024296	0.070280	0.058824	0.002300	0.002536	0.030997
258	7.000000	0.352019	163.203694	0.010790	0.157297	0.095238	0.000241	0.011596	0.005555
443	13.000000	0.340152	4522.615298	0.007349	0.085338	0.000000	0.001350	0.004509	0.009973
532	9.000000	0.360353	163.118180	0.013667	0.123858	0.111111	0.000539	0.011441	0.009402
183	28.000000	0.400535	2532.871582	0.041453	0.042361	0.058201	0.000261	0.048746	0.018546
249	12.000000	0.353126	366.039189	0.013626	0.094966	0.030303	0.000694	0.001676	0.012630
187	8.000000	0.354941	172.478006	0.014944	0.135096	0.107143	0.000552	0.008179	0.018753
382	14.000000	0.379063	2490.284102	0.021325	0.078379	0.076923	0.001074	0.027880	0.007831
319	8.000000	0.341445	91.710366	0.009125	0.134797	0.035714	0.000373	0.003807	0.012466
502	8.000000	0.355362	95.436060	0.015000	0.131479	0.035714	0.000252	0.025007	0.001929
227	65.000000	0.448104	11915.787758	0.089009	0.021991	0.053365	0.001087	0.128266	0.019697
341	12.000000	0.355222	416.231139	0.013759	0.089971	0.000000	0.000294	0.018007	0.002881
197	7.000000	0.342095	111.136871	0.010726	0.155205	0.095238	0.000310	0.000673	0.017482
454	17.000000	0.390435	1095.117849	0.029060	0.069313	0.110294	0.000248	0.043456	0.002310
211	3.000000	0.320944	28.862154	0.004845	0.367060	0.000000	0.000224	0.001749	0.004807
212	6.000000	0.344854	123.554816	0.009053	0.187734	0.066667	0.000209	0.006651	0.008707
213	4.000000	0.333953	1219.042446	0.007594	0.274457	0.166667	0.000290	0.001905	0.007553
216	9.000000	0.366531	155.957362	0.019768	0.124191	0.166667	0.000167	0.032239	0.000000
223	12.000000	0.379223	560.373764	0.022849	0.090837	0.060606	0.000191	0.036622	0.007019
224	40.000000	0.430489	5664.402632	0.065743	0.031376	0.069231	0.000443	0.106026	0.002626
229	12.000000	0.366980	251.790793	0.019086	0.093923	0.090909	0.000366	0.016240	0.015115
314	10.000000	0.348873	274.116538	0.010203	0.109201	0.022222	0.000467	0.001583	0.017242
463	15.000000	0.365189	1016.040324	0.019404	0.079472	0.095238	0.000321	0.010274	0.022893
353	22.000000	0.377152	3041.592645	0.024582	0.053032	0.030303	0.001047	0.028309	0.013127
399	11.000000	0.355644	435.490996	0.011816	0.104193	0.054545	0.000367	0.013719	0.007956
245	3.000000	0.333705	19.118152	0.006067	0.340682	0.000000	0.000167	0.006774	0.000000
255	2.000000	0.289958	1.955357	0.002038	0.522409	0.000000	0.000167	0.004723	0.000000
257	8.000000	0.348873	845.585421	0.012920	0.142113	0.142857	0.000286	0.012524	0.009481
266	6.000000	0.339765	95.668006	0.008673	0.182823	0.133333	0.000219	0.011655	0.006187
269	3.000000	0.308803	25.217038	0.003078	0.361063	0.000000	0.000185	0.002017	0.001569
468	3.000000	0.313876	14.669769	0.003785	0.350411	0.000000	0.000365	0.002063	0.004560
428	6.000000	0.322095	123.226819	0.004437	0.183200	0.000000	0.000212	0.003049	0.003714
277	22.000000	0.395073	877.682866	0.034114	0.053867	0.095238	0.000800	0.043405	0.016472
279	1.000000	0.298438	0.000000	0.002061	1.020824	0.000000	0.000167	0.003545	0.000000
281	30.000000	0.393687	4180.215037	0.033689	0.041012	0.045977	0.000950	0.039576	0.003463
327	4.000000	0.332839	28.297135	0.006888	0.260979	0.000000	0.000436	0.008061	0.002938
333	17.000000	0.379704	1387.314355	0.023197	0.067371	0.080882	0.000353	0.027100	0.014850
284	20.000000	0.374635	1206.450960	0.022228	0.057148	0.036842	0.000167	0.035891	0.000000
286	21.000000	0.404505	1491.315489	0.047627	0.059467	0.204762	0.000167	0.075575	0.000000
441	2.000000	0.306067	1.562216	0.002981	0.521396	0.000000	0.000174	0.001692	0.003103
330	12.000000	0.380508	406.033610	0.024930	0.091732	0.106061	0.000229	0.030309	0.015724
336	7.000000	0.344325	136.346351	0.008445	0.160830	0.095238	0.000282	0.005269	0.009504
383	8.000000	0.349280	173.138209	0.010246	0.132117	0.000000	0.000418	0.002251	0.009200
415	10.000000	0.356349	587.697288	0.011743	0.110524	0.044444	0.000510	0.016260	0.006178
298	9.000000	0.350507	606.131293	0.010662	0.122205	0.055556	0.000238	0.012994	0.000093
306	3.000000	0.334451	9.828318	0.007869	0.345850	0.000000	0.000167	0.012165	0.000000
427	12.000000	0.369852	750.198996	0.016845	0.090383	0.015152	0.000352	0.026442	0.005311
320	16.000000	0.372305	539.652960	0.021286	0.071054	0.066667	0.000212	0.032665	0.002238
368	13.000000	0.363122	800.306416	0.014242	0.088072	0.089744	0.000458	0.016303	0.008611
538	28.000000	0.403414	2922.712032	0.036258	0.043297	0.050265	0.000512	0.049027	0.002845
551	3.000000	0.329662	5.916110	0.006284	0.343368	0.000000	0.000515	0.001634	0.009396
326	37.000000	0.413063	4646.502578	0.060032	0.033889	0.061562	0.000324	0.094057	0.001313
331	25.000000	0.402871	1298.724709	0.041985	0.048463	0.093333	0.000167	0.060296	0.000000
460	8.000000	0.357200	83.912941	0.014442	0.133746	0.071429	0.000180	0.019389	0.004353
476	16.000000	0.365784	375.225792	0.021882	0.072458	0.058333	0.000361	0.008625	0.026610
380	23.000000	0.392140	1414.555747	0.029892	0.051598	0.059289	0.000293	0.042861	0.002865
507	6.000000	0.350781	82.061840	0.011973	0.178587	0.133333	0.000210	0.020011	0.001305
342	24.000000	0.403596	1118.116054	0.047329	0.049193	0.072464	0.000167	0.086064	0.000000
343	7.000000	0.350097	216.675703	0.011699	0.153586	0.095238	0.000167	0.018254	0.000000
345	35.000000	0.414972	2881.621817	0.052229	0.036458	0.072269	0.000176	0.072732	0.001373
350	11.000000	0.384582	339.751270	0.025064	0.101107	0.163636	0.000277	0.036969	0.001396
470	3.000000	0.324188	37.907341	0.004558	0.346595	0.000000	0.000248	0.006908	0.001162
424	6.000000	0.327977	63.919146	0.006590	0.182554	0.000000	0.000275	0.004203	0.007473
519	22.000000	0.397873	1629.722805	0.037991	0.052885	0.077922	0.000306	0.064308	0.009133
393	5.000000	0.331365	53.490258	0.005896	0.211112	0.000000	0.000383	0.006378	0.002444
371	12.000000	0.374479	178.531454	0.024254	0.096251	0.212121	0.000189	0.026773	0.010385
375	7.000000	0.347389	109.234052	0.011346	0.154594	0.095238	0.000283	0.012771	0.009143
534	5.000000	0.338357	34.781490	0.008842	0.211546	0.100000	0.000207	0.005353	0.005495
379	15.000000	0.370157	776.945457	0.019744	0.074706	0.038095	0.000167	0.028625	0.000000
388	37.000000	0.424185	4769.818774	0.056657	0.035153	0.067568	0.000312	0.082213	0.005804
484	6.000000	0.337087	36.182140	0.009280	0.173617	0.000000	0.000196	0.009118	0.009121
486	7.000000	0.362535	63.601617	0.016773	0.152399	0.142857	0.000193	0.021766	0.004832
515	4.000000	0.309229	24.637149	0.003600	0.274476	0.000000	0.000205	0.000503	0.006381
397	8.000000	0.351468	543.731967	0.010724	0.133783	0.000000	0.000225	0.020760	0.001367
420	10.000000	0.346718	639.390409	0.011252	0.109685	0.044444	0.000354	0.015043	0.002854
539	11.000000	0.373855	567.986325	0.019206	0.096102	0.000000	0.000243	0.031819	0.002292
408	4.000000	0.345385	55.230650	0.009402	0.255785	0.000000	0.000167	0.018644	0.000000
412	15.000000	0.382616	969.699874	0.023907	0.077079	0.095238	0.000167	0.040325	0.000000
416	2.000000	0.282924	1794.000000	0.001076	0.508876	0.000000	0.000309	0.001189	0.000000
423	7.000000	0.338868	302.647323	0.007584	0.154132	0.000000	0.000186	0.010095	0.002898
431	9.000000	0.365189	186.357622	0.016354	0.119834	0.083333	0.000176	0.023046	0.001530
432	8.000000	0.360787	196.368200	0.015581	0.134537	0.107143	0.000190	0.025393	0.000289
436	15.000000	0.371228	986.201956	0.017803	0.078232	0.066667	0.000195	0.028392	0.000515
438	2.000000	0.314426	4.225696	0.003690	0.510416	0.000000	0.000167	0.007087	0.000000
446	12.000000	0.373855	1220.562204	0.021260	0.089374	0.015152	0.000180	0.036071	0.000513
517	2.000000	0.292603	7.027099	0.001554	0.526902	0.000000	0.000181	0.002166	0.001481
466	5.000000	0.322905	98.243140	0.003974	0.221617	0.100000	0.000200	0.003923	0.002547
455	3.000000	0.319914	1800.472452	0.004066	0.341277	0.000000	0.000317	0.005789	0.001596
457	3.000000	0.274702	10.373449	0.001057	0.384691	0.000000	0.000276	0.000315	0.001640
504	5.000000	0.332839	112.947427	0.006342	0.208893	0.000000	0.000228	0.006486	0.003189
510	10.000000	0.370462	201.366772	0.019982	0.110680	0.155556	0.000228	0.028750	0.003189
465	22.000000	0.379063	876.560584	0.027452	0.052621	0.047619	0.000167	0.045593	0.000000
467	9.000000	0.341185	137.592372	0.009491	0.118719	0.000000	0.000167	0.012213	0.000000
511	11.000000	0.365486	220.206414	0.019305	0.100356	0.072727	0.000210	0.023164	0.013346
472	9.000000	0.363269	197.931505	0.015543	0.121095	0.138889	0.000167	0.021644	0.000000
477	2.000000	0.314756	3.824828	0.003233	0.513309	0.000000	0.000167	0.003610	0.000000
478	4.000000	0.318779	55.979123	0.003157	0.263409	0.000000	0.000182	0.001978	0.003239
479	5.000000	0.331733	427.885889	0.005973	0.224120	0.000000	0.000222	0.008247	0.003625
480	3.000000	0.318892	37.454379	0.004182	0.372964	0.333333	0.000195	0.005007	0.002386
495	3.000000	0.308697	17.806638	0.002678	0.350695	0.000000	0.000445	0.001041	0.001937
493	3.000000	0.278709	21.917536	0.000818	0.378905	0.000000	0.000215	0.000494	0.000796
509	8.000000	0.365784	239.630653	0.016655	0.139275	0.250000	0.000174	0.025761	0.002005
513	11.000000	0.354241	1965.140707	0.014760	0.098071	0.036364	0.000341	0.022224	0.001614
514	23.000000	0.403233	1816.892008	0.034586	0.048895	0.031621	0.000167	0.053234	0.000000
520	3.000000	0.319459	23.273023	0.003790	0.348777	0.000000	0.000167	0.004124	0.000000
535	12.000000	0.363416	766.458668	0.017414	0.094037	0.075758	0.000167	0.029710	0.000000
537	11.000000	0.341445	860.386125	0.008728	0.100363	0.000000	0.000167	0.012495	0.000000
541	4.000000	0.301241	1806.107773	0.002366	0.265085	0.000000	0.000330	0.000132	0.003567
544	5.000000	0.334202	64.834011	0.007774	0.213639	0.100000	0.000173	0.012915	0.002189
548	8.000000	0.356774	268.122230	0.012851	0.131697	0.000000	0.000187	0.018609	0.000269
550	2.000000	0.309976	286.243314	0.003226	0.565441	0.000000	0.000238	0.006867	0.000017
552	3.000000	0.298935	15.506360	0.002191	0.355316	0.000000	0.000167	0.003431	0.000000
553	11.000000	0.359200	159.462201	0.017153	0.101652	0.109091	0.000167	0.028188	0.000000
554	1.000000	0.282568	0.000000	0.001028	1.032222	0.000000	0.000167	0.000142	0.000000
555	26.000000	0.416512	2604.514740	0.054074	0.046257	0.123077	0.000167	0.094387	0.000000
556	2.000000	0.301849	7.925293	0.001876	0.523520	0.000000	0.000167	0.003451	0.000000
557	1.000000	0.287728	0.000000	0.001447	1.021728	0.000000	0.000167	0.002461	0.000000
558	5.000000	0.358054	28.118291	0.014061	0.205020	0.000000	0.000167	0.025984	0.000000
559	5.000000	0.348602	32.781980	0.012105	0.211411	0.200000	0.000167	0.020188	0.000000
560	9.000000	0.367280	96.007438	0.018890	0.120633	0.138889	0.000167	0.029888	0.000000
561	9.000000	0.369395	305.105553	0.020162	0.124455	0.138889	0.000167	0.036647	0.000000
562	11.000000	0.365041	611.603116	0.016106	0.098875	0.036364	0.000167	0.033427	0.000000
563	2.000000	0.288932	5.900513	0.001423	0.534288	0.000000	0.000167	0.002260	0.000000
564	20.000000	0.373700	1272.978668	0.021027	0.059037	0.057895	0.000167	0.029598	0.000000
565	21.000000	0.413063	1705.203572	0.046381	0.056502	0.128571	0.000167	0.076961	0.000000
566	12.000000	0.383761	309.009235	0.028841	0.092655	0.136364	0.000167	0.046731	0.000000
567	10.000000	0.387236	263.870785	0.027446	0.107616	0.133333	0.000167	0.052026	0.000000
568	42.000000	0.416899	2778.079140	0.061844	0.032752	0.069686	0.000167	0.099427	0.000000
569	34.000000	0.414016	3677.988872	0.049557	0.036904	0.053476	0.000167	0.090964	0.000000
570	23.000000	0.384912	1508.111734	0.027350	0.050726	0.031621	0.000167	0.046555	0.000000
571	20.000000	0.380993	1169.814197	0.024924	0.057399	0.036842	0.000167	0.028131	0.000000
572	10.000000	0.370768	304.161707	0.019302	0.110304	0.088889	0.000167	0.031253	0.000000
573	1.000000	0.220585	0.000000	0.000033	1.250000	0.000000	0.000167	0.000000	0.000000
574	8.000000	0.370309	152.834093	0.018030	0.139836	0.250000	0.000167	0.027684	0.000000
575	3.000000	0.309229	46.285807	0.003082	0.351209	0.000000	0.000167	0.005647	0.000000
576	2.000000	0.256425	3.018459	0.000342	0.593750	0.000000	0.000167	0.000349	0.000000
577	2.000000	0.306276	5.593537	0.002004	0.520678	0.000000	0.000167	0.002460	0.000000
578	3.000000	0.332839	56.198771	0.006381	0.367253	0.000000	0.000167	0.011050	0.000000
579	11.000000	0.352433	499.647646	0.013187	0.099467	0.036364	0.000167	0.025323	0.000000
580	2.000000	0.284357	31.136892	0.000953	0.530217	0.000000	0.000167	0.001454	0.000000
581	27.000000	0.399822	2289.822734	0.034200	0.044066	0.037037	0.000167	0.054291	0.000000
582	6.000000	0.336078	127.373406	0.007271	0.177304	0.000000	0.000167	0.011480	0.000000
583	2.000000	0.325009	1.127131	0.004721	0.511959	0.000000	0.000167	0.007300	0.000000
584	2.000000	0.280275	4.564511	0.000864	0.541273	0.000000	0.000167	0.001165	0.000000
585	1.000000	0.242441	0.000000	0.000124	1.222222	0.000000	0.000167	0.000066	0.000000
586	2.000000	0.305546	9.825009	0.002459	0.536941	0.000000	0.000167	0.002184	0.000000
587	1.000000	0.305338	0.000000	0.002838	1.014082	0.000000	0.000167	0.005556	0.000000
588	6.000000	0.340023	156.068139	0.008614	0.178403	0.066667	0.000167	0.015096	0.000000
589	1.000000	0.297647	0.000000	0.001949	1.015381	0.000000	0.000167	0.004509	0.000000
590	5.000000	0.322905	17.742457	0.006434	0.217982	0.100000	0.000167	0.008824	0.000000
591	6.000000	0.331121	78.298410	0.006001	0.178061	0.000000	0.000167	0.007031	0.000000
592	14.000000	0.368335	783.423464	0.017795	0.077368	0.010989	0.000167	0.029769	0.000000
593	6.000000	0.327977	103.243489	0.005948	0.177301	0.066667	0.000167	0.008483	0.000000
594	1.000000	0.279142	0.000000	0.000853	1.033294	0.000000	0.000167	0.000807	0.000000
595	15.000000	0.371381	448.840099	0.022443	0.074908	0.066667	0.000167	0.035709	0.000000
596	29.000000	0.401610	2086.230770	0.041500	0.041931	0.051724	0.000167	0.063005	0.000000
597	3.000000	0.333457	48.814353	0.005872	0.347729	0.000000	0.000167	0.010846	0.000000
598	2.000000	0.289211	2.011292	0.001657	0.528594	0.000000	0.000167	0.001888	0.000000
599	15.000000	0.362682	434.225809	0.019506	0.074003	0.009524	0.000167	0.035673	0.000000
600	8.000000	0.369395	413.341353	0.021685	0.136911	0.178571	0.000167	0.038212	0.000000
601	7.000000	0.340668	69.770280	0.010540	0.151165	0.047619	0.000167	0.019972	0.000000
602	14.000000	0.350644	413.977322	0.014689	0.082862	0.043956	0.000167	0.021673	0.000000
603	15.000000	0.388913	852.471866	0.025502	0.073737	0.057143	0.000167	0.041530	0.000000
604	3.000000	0.310619	18.305966	0.003080	0.362642	0.333333	0.000167	0.004148	0.000000
605	13.000000	0.368335	444.134695	0.019443	0.086863	0.089744	0.000167	0.029946	0.000000
606	12.000000	0.362975	227.271296	0.019780	0.091085	0.030303	0.000167	0.038936	0.000000
607	47.000000	0.427619	4246.756548	0.072668	0.028454	0.066605	0.000167	0.123011	0.000000
608	1.000000	0.283102	0.000000	0.001042	1.045351	0.000000	0.000167	0.001460	0.000000
609	10.000000	0.373855	301.123044	0.020300	0.108396	0.066667	0.000167	0.035279	0.000000
610	15.000000	0.352295	534.828863	0.012586	0.075190	0.028571	0.000167	0.022970	0.000000
611	13.000000	0.367581	872.450365	0.016671	0.088058	0.076923	0.000167	0.028771	0.000000
612	1.000000	0.236191	0.000000	0.000086	1.187500	0.000000	0.000167	0.000144	0.000000
613	1.000000	0.257454	0.000000	0.000340	1.090000	0.000000	0.000167	0.000068	0.000000
614	1.000000	0.255986	0.000000	0.000286	1.066327	0.000000	0.000167	0.000482	0.000000
615	8.000000	0.371381	145.625967	0.020826	0.129210	0.000000	0.000167	0.042884	0.000000
616	22.000000	0.407626	1026.793446	0.044640	0.054117	0.116883	0.000167	0.074913	0.000000
617	9.000000	0.372305	110.235473	0.024488	0.126918	0.305556	0.000167	0.034291	0.000000
618	20.000000	0.397345	958.420048	0.036312	0.057435	0.068421	0.000167	0.065988	0.000000
619	7.000000	0.349009	101.913876	0.013190	0.153275	0.095238	0.000167	0.025474	0.000000
620	9.000000	0.349416	250.688383	0.010562	0.117782	0.027778	0.000167	0.017897	0.000000
621	8.000000	0.337214	215.998139	0.009018	0.135947	0.000000	0.000167	0.016986	0.000000
622	15.000000	0.379544	771.475738	0.024860	0.078472	0.123810	0.000167	0.042332	0.000000
623	12.000000	0.368033	576.783256	0.018208	0.091455	0.015152	0.000167	0.030384	0.000000
624	27.000000	0.402871	1973.342303	0.041854	0.044077	0.056980	0.000167	0.076713	0.000000
625	28.000000	0.421794	1884.387586	0.059248	0.043442	0.111111	0.000167	0.104332	0.000000
626	1.000000	0.290992	0.000000	0.001333	1.039931	0.000000	0.000167	0.001059	0.000000
627	11.000000	0.389588	204.699436	0.028053	0.100160	0.163636	0.000167	0.044969	0.000000
628	16.000000	0.379704	685.147836	0.021166	0.070618	0.066667	0.000167	0.023442	0.000000
629	18.000000	0.376204	693.281712	0.027549	0.064277	0.065359	0.000167	0.045707	0.000000
630	17.000000	0.385573	1528.344535	0.027312	0.068661	0.066176	0.000167	0.049290	0.000000
631	12.000000	0.359056	309.744290	0.015696	0.090772	0.030303	0.000167	0.023115	0.000000
632	5.000000	0.344457	106.452888	0.008580	0.212236	0.100000	0.000167	0.014279	0.000000
633	12.000000	0.376994	433.467695	0.021952	0.090396	0.060606	0.000167	0.038467	0.000000
634	6.000000	0.350918	234.465486	0.011011	0.177743	0.133333	0.000167	0.018525	0.000000
635	4.000000	0.346852	88.803863	0.009235	0.263331	0.166667	0.000167	0.018034	0.000000
636	8.000000	0.340023	279.427918	0.007630	0.137612	0.035714	0.000167	0.013895	0.000000
637	5.000000	0.338102	77.192657	0.008772	0.209386	0.000000	0.000167	0.015109	0.000000
638	1.000000	0.270075	0.000000	0.000586	1.071006	0.000000	0.000167	0.000044	0.000000
639	1.000000	0.269913	0.000000	0.000650	1.055363	0.000000	0.000167	0.001435	0.000000
640	6.000000	0.346584	86.259146	0.010678	0.186788	0.133333	0.000167	0.019994	0.000000
641	1.000000	0.278795	0.000000	0.000798	1.045351	0.000000	0.000167	0.000163	0.000000
642	1.000000	0.292413	0.000000	0.001832	1.026297	0.000000	0.000167	0.000054	0.000000
643	7.000000	0.354941	47.801519	0.014087	0.157068	0.190476	0.000167	0.022419	0.000000
644	1.000000	0.282390	0.000000	0.001124	1.033294	0.000000	0.000167	0.002027	0.000000
645	2.000000	0.320371	7.009994	0.004328	0.517643	0.000000	0.000167	0.006305	0.000000
646	4.000000	0.323954	34.825818	0.005163	0.263839	0.000000	0.000167	0.008786	0.000000
647	6.000000	0.358197	92.110652	0.013878	0.179853	0.200000	0.000167	0.023683	0.000000
648	3.000000	0.320143	9.624114	0.004103	0.346186	0.000000	0.000167	0.003719	0.000000
649	30.000000	0.390605	1588.207696	0.041588	0.042077	0.052874	0.000167	0.076383	0.000000
650	28.000000	0.396643	1584.737143	0.040621	0.044637	0.047619	0.000167	0.075325	0.000000
651	2.000000	0.326427	0.000000	0.005916	0.533159	1.000000	0.000167	0.009223	0.000000
652	6.000000	0.335325	47.073064	0.007903	0.175448	0.000000	0.000167	0.011807	0.000000
653	1.000000	0.294137	0.000000	0.001607	1.029385	0.000000	0.000167	0.002644	0.000000
654	1.000000	0.287728	0.000000	0.001447	1.021728	0.000000	0.000167	0.002461	0.000000
655	1.000000	0.273197	0.000000	0.000755	1.058594	0.000000	0.000167	0.001464	0.000000
656	24.000000	0.397873	1440.458373	0.035087	0.050404	0.079710	0.000167	0.053307	0.000000
657	16.000000	0.372151	1273.934203	0.020510	0.069984	0.050000	0.000167	0.033439	0.000000
658	2.000000	0.305338	4.840335	0.002572	0.519214	0.000000	0.000167	0.003242	0.000000
659	23.000000	0.379704	1757.422625	0.023682	0.050727	0.023715	0.000167	0.038801	0.000000
660	18.000000	0.388913	1265.107170	0.026739	0.063325	0.078431	0.000167	0.033130	0.000000
661	1.000000	0.262113	0.000000	0.000425	1.090000	0.000000	0.000167	0.000636	0.000000
662	6.000000	0.366232	36.071988	0.018208	0.178558	0.266667	0.000167	0.029414	0.000000
663	7.000000	0.357626	96.689429	0.015423	0.149954	0.047619	0.000167	0.024308	0.000000
664	1.000000	0.284718	0.000000	0.001154	1.033294	0.000000	0.000167	0.001937	0.000000
665	2.000000	0.302663	5.632861	0.002273	0.518258	0.000000	0.000167	0.003742	0.000000
666	4.000000	0.321403	50.409205	0.004288	0.279462	0.166667	0.000167	0.003658	0.000000
667	1.000000	0.292128	0.000000	0.001414	1.021728	0.000000	0.000167	0.002524	0.000000
668	1.000000	0.315309	0.000000	0.003528	1.010308	0.000000	0.000167	0.006198	0.000000
669	5.000000	0.346451	72.189546	0.009822	0.206063	0.000000	0.000167	0.014541	0.000000
670	9.000000	0.363563	407.154877	0.015661	0.119366	0.111111	0.000167	0.027383	0.000000
671	10.000000	0.373234	220.878474	0.023292	0.106763	0.066667	0.000167	0.042737	0.000000
672	4.000000	0.328697	16.415825	0.006748	0.260151	0.000000	0.000167	0.012079	0.000000
673	12.000000	0.357626	528.358686	0.014064	0.092286	0.045455	0.000167	0.021584	0.000000
674	3.000000	0.320944	6.932677	0.004875	0.354677	0.333333	0.000167	0.007409	0.000000
675	2.000000	0.304613	1.949553	0.002668	0.520250	0.000000	0.000167	0.002683	0.000000
676	9.000000	0.332346	196.187579	0.006466	0.123213	0.000000	0.000167	0.008937	0.000000
677	7.000000	0.352849	219.804180	0.013342	0.152510	0.095238	0.000167	0.025737	0.000000
678	14.000000	0.373544	503.584443	0.020239	0.078486	0.032967	0.000167	0.030403	0.000000
679	5.000000	0.336078	41.071474	0.006977	0.222237	0.200000	0.000167	0.012543	0.000000
680	3.000000	0.316086	24.081733	0.003378	0.347744	0.000000	0.000167	0.003110	0.000000
681	2.000000	0.329541	9.325326	0.005676	0.510568	0.000000	0.000167	0.010057	0.000000
682	8.000000	0.353404	136.669188	0.012571	0.131285	0.000000	0.000167	0.019781	0.000000
683	2.000000	0.325953	3.337470	0.005416	0.514742	0.000000	0.000167	0.009464	0.000000
684	1.000000	0.305338	0.000000	0.002838	1.014082	0.000000	0.000167	0.005556	0.000000
685	3.000000	0.310190	46.581077	0.002827	0.350907	0.000000	0.000167	0.002110	0.000000
686	1.000000	0.253887	0.000000	0.000224	1.071006	0.000000	0.000167	0.000410	0.000000
687	22.000000	0.386403	1143.625116	0.030724	0.051966	0.038961	0.000167	0.053763	0.000000
688	2.000000	0.276478	4.885020	0.000859	0.543933	0.000000	0.000167	0.001142	0.000000
689	3.000000	0.305650	23.178200	0.002469	0.370423	0.333333	0.000167	0.003723	0.000000
690	2.000000	0.313876	1.411164	0.004864	0.510489	0.000000	0.000167	0.011041	0.000000
691	2.000000	0.307009	8.604412	0.002322	0.523304	0.000000	0.000167	0.001780	0.000000
692	3.000000	0.332839	17.503981	0.006255	0.367502	0.333333	0.000167	0.011577	0.000000
693	14.000000	0.366381	233.082370	0.021745	0.079369	0.010989	0.000167	0.041860	0.000000
694	7.000000	0.339894	158.827823	0.008460	0.155589	0.095238	0.000167	0.012799	0.000000
695	3.000000	0.300234	35.211819	0.001811	0.352744	0.000000	0.000167	0.003045	0.000000
696	3.000000	0.320714	7.913157	0.004819	0.343270	0.000000	0.000167	0.009925	0.000000
697	1.000000	0.278277	0.000000	0.000830	1.038400	0.000000	0.000167	0.000936	0.000000
698	3.000000	0.297056	12.063381	0.001644	0.357270	0.000000	0.000167	0.001667	0.000000
699	3.000000	0.316086	36.744542	0.004139	0.351781	0.000000	0.000167	0.008156	0.000000
700	20.000000	0.393514	1298.344345	0.031566	0.058259	0.063158	0.000167	0.048816	0.000000
701	4.000000	0.314316	29.279470	0.003337	0.277996	0.166667	0.000167	0.003359	0.000000
702	30.000000	0.406887	2839.531433	0.040050	0.039791	0.050575	0.000167	0.066814	0.000000
703	45.000000	0.425996	4058.652499	0.067956	0.029233	0.059596	0.000167	0.104454	0.000000
704	8.000000	0.334451	115.373288	0.008292	0.134197	0.035714	0.000167	0.013406	0.000000
705	15.000000	0.373389	964.659959	0.019291	0.076733	0.047619	0.000167	0.029043	0.000000
706	6.000000	0.333333	69.006663	0.006687	0.179357	0.066667	0.000167	0.008248	0.000000
707	3.000000	0.333086	29.500457	0.006569	0.340118	0.000000	0.000167	0.011792	0.000000
708	8.000000	0.379865	108.615975	0.023842	0.131416	0.142857	0.000167	0.045525	0.000000
709	1.000000	0.278277	0.000000	0.000830	1.038400	0.000000	0.000167	0.000936	0.000000
710	5.000000	0.341315	145.045890	0.008411	0.212879	0.200000	0.000167	0.012155	0.000000
711	2.000000	0.315752	27.674576	0.003692	0.512336	0.000000	0.000167	0.006363	0.000000
712	1.000000	0.279142	0.000000	0.000853	1.033294	0.000000	0.000167	0.000807	0.000000
713	1.000000	0.281152	0.000000	0.000945	1.058594	0.000000	0.000167	0.001058	0.000000
714	2.000000	0.300234	11.246107	0.002304	0.525547	0.000000	0.000167	0.005214	0.000000
715	2.000000	0.307114	1.490806	0.002718	0.528793	0.000000	0.000167	0.001406	0.000000
716	10.000000	0.367430	1190.062254	0.019040	0.110955	0.111111	0.000167	0.031695	0.000000
717	21.000000	0.400357	1482.461130	0.036821	0.054614	0.080952	0.000167	0.065739	0.000000
718	16.000000	0.371843	698.279993	0.021104	0.070371	0.033333	0.000167	0.037251	0.000000
719	10.000000	0.352433	660.296253	0.011632	0.122535	0.111111	0.000167	0.017922	0.000000
720	1.000000	0.266153	0.000000	0.000404	1.090000	0.000000	0.000167	0.000259	0.000000
721	13.000000	0.375104	686.064408	0.022367	0.085995	0.115385	0.000167	0.029575	0.000000
722	1.000000	0.287268	0.000000	0.001341	1.026939	0.000000	0.000167	0.001267	0.000000
723	21.000000	0.385573	1019.887834	0.028107	0.052329	0.009524	0.000167	0.053388	0.000000
724	15.000000	0.377152	356.336762	0.026829	0.074099	0.076190	0.000167	0.042163	0.000000
725	1.000000	0.303995	0.000000	0.002284	1.014703	0.000000	0.000167	0.003774	0.000000
726	16.000000	0.391285	481.754268	0.031094	0.070375	0.075000	0.000167	0.059775	0.000000
727	9.000000	0.370921	279.821270	0.020403	0.125287	0.166667	0.000167	0.031925	0.000000
728	3.000000	0.327021	42.713970	0.004829	0.347822	0.000000	0.000167	0.007366	0.000000
729	13.000000	0.385905	607.962610	0.026464	0.084160	0.089744	0.000167	0.044914	0.000000
730	3.000000	0.308910	22.267060	0.002959	0.361157	0.333333	0.000167	0.003956	0.000000
731	4.000000	0.330755	89.304769	0.005366	0.259256	0.000000	0.000167	0.007926	0.000000
732	1.000000	0.273948	0.000000	0.000750	1.043388	0.000000	0.000167	0.000539	0.000000
733	1.000000	0.269023	0.000000	0.000596	1.076389	0.000000	0.000167	0.000260	0.000000
734	1.000000	0.265602	0.000000	0.000534	1.066327	0.000000	0.000167	0.001187	0.000000
735	3.000000	0.337848	16.840056	0.007303	0.339669	0.000000	0.000167	0.013897	0.000000
736	4.000000	0.312239	223.992086	0.003577	0.272118	0.000000	0.000167	0.006898	0.000000
737	7.000000	0.326664	173.289076	0.005893	0.159156	0.000000	0.000167	0.008812	0.000000
738	1.000000	0.283728	0.000000	0.001192	1.028547	0.000000	0.000167	0.000914	0.000000
739	7.000000	0.368335	95.890083	0.018707	0.152610	0.190476	0.000167	0.032764	0.000000
740	2.000000	0.321518	7.823325	0.004333	0.511486	0.000000	0.000167	0.007325	0.000000
741	20.000000	0.382128	1025.192152	0.025549	0.058063	0.057895	0.000167	0.037710	0.000000
742	1.000000	0.280801	0.000000	0.001098	1.031217	0.000000	0.000167	0.002256	0.000000
743	26.000000	0.400000	1965.613755	0.036774	0.044277	0.040000	0.000167	0.064565	0.000000
744	12.000000	0.367130	463.636949	0.021555	0.096883	0.151515	0.000167	0.037734	0.000000
745	1.000000	0.257086	0.000000	0.000295	1.090000	0.000000	0.000167	0.000307	0.000000
746	2.000000	0.326664	3.421921	0.006047	0.507907	0.000000	0.000167	0.012423	0.000000
747	8.000000	0.354101	210.285890	0.013686	0.136967	0.107143	0.000167	0.020227	0.000000
748	7.000000	0.350371	175.484267	0.010622	0.150800	0.047619	0.000167	0.021530	0.000000
749	2.000000	0.294716	3.121503	0.001680	0.532119	0.000000	0.000167	0.001781	0.000000
750	7.000000	0.351193	257.393255	0.011160	0.163373	0.190476	0.000167	0.018577	0.000000
751	18.000000	0.386237	1718.191961	0.027313	0.063377	0.058824	0.000167	0.038811	0.000000
752	14.000000	0.360209	566.880108	0.016082	0.077818	0.021978	0.000167	0.030112	0.000000
753	1.000000	0.283908	0.000000	0.001125	1.047500	0.000000	0.000167	0.000329	0.000000
754	1.000000	0.262113	0.000000	0.000425	1.090000	0.000000	0.000167	0.000636	0.000000
755	4.000000	0.313001	40.793305	0.003844	0.279417	0.166667	0.000167	0.005347	0.000000
756	4.000000	0.307851	44.889976	0.003068	0.264040	0.000000	0.000167	0.005943	0.000000
757	10.000000	0.365189	297.678187	0.018727	0.110927	0.066667	0.000167	0.034215	0.000000
758	1.000000	0.287452	0.000000	0.001381	1.022715	0.000000	0.000167	0.003302	0.000000
759	1.000000	0.287452	0.000000	0.001381	1.022715	0.000000	0.000167	0.003302	0.000000
760	10.000000	0.358913	398.815836	0.014040	0.110821	0.088889	0.000167	0.019011	0.000000
761	8.000000	0.350781	164.125490	0.011461	0.133157	0.035714	0.000167	0.014565	0.000000
762	12.000000	0.374635	646.166159	0.021004	0.092800	0.060606	0.000167	0.033643	0.000000
763	15.000000	0.397697	448.032356	0.036647	0.075987	0.171429	0.000167	0.049276	0.000000
764	1.000000	0.321864	0.000000	0.004349	1.009708	0.000000	0.000167	0.008179	0.000000
765	8.000000	0.349009	210.539083	0.009754	0.133182	0.035714	0.000167	0.014465	0.000000
766	11.000000	0.358197	328.880634	0.016293	0.102378	0.072727	0.000167	0.031594	0.000000
767	3.000000	0.329541	13.873182	0.005922	0.341276	0.000000	0.000167	0.010728	0.000000
768	1.000000	0.261655	0.000000	0.000450	1.082645	0.000000	0.000167	0.000066	0.000000
769	2.000000	0.314096	1.997182	0.003868	0.514453	0.000000	0.000167	0.007343	0.000000
770	2.000000	0.293177	3.150295	0.001800	0.525146	0.000000	0.000167	0.002824	0.000000
771	1.000000	0.279751	0.000000	0.000941	1.036982	0.000000	0.000167	0.001770	0.000000
772	1.000000	0.273780	0.000000	0.000614	1.058594	0.000000	0.000167	0.000568	0.000000
773	4.000000	0.347254	36.947009	0.009879	0.271487	0.166667	0.000167	0.017141	0.000000
774	2.000000	0.306067	6.844759	0.002814	0.516128	0.000000	0.000167	0.003871	0.000000
775	2.000000	0.318553	4.839592	0.004000	0.512744	0.000000	0.000167	0.006607	0.000000
776	17.000000	0.392998	504.615653	0.032339	0.066403	0.102941	0.000167	0.048251	0.000000
777	1.000000	0.303995	0.000000	0.002284	1.014703	0.000000	0.000167	0.003774	0.000000
778	23.000000	0.401790	1296.616965	0.038502	0.049373	0.051383	0.000167	0.067848	0.000000
779	4.000000	0.344193	34.602917	0.009319	0.257101	0.000000	0.000167	0.016056	0.000000
780	4.000000	0.335575	59.209362	0.007260	0.270562	0.166667	0.000167	0.004583	0.000000
781	8.000000	0.364300	84.961077	0.017657	0.131419	0.071429	0.000167	0.023812	0.000000
782	12.000000	0.371074	357.778382	0.021893	0.092669	0.106061	0.000167	0.033564	0.000000
783	2.000000	0.297253	0.000000	0.001778	0.568660	1.000000	0.000167	0.001424	0.000000
784	14.000000	0.365189	507.521507	0.017086	0.080258	0.065934	0.000167	0.021916	0.000000
785	1.000000	0.315309	0.000000	0.003528	1.010308	0.000000	0.000167	0.006198	0.000000
786	13.000000	0.387737	165.312545	0.031725	0.088147	0.192308	0.000167	0.052596	0.000000
787	1.000000	0.253887	0.000000	0.000224	1.071006	0.000000	0.000167	0.000410	0.000000
788	1.000000	0.267740	0.000000	0.000634	1.049861	0.000000	0.000167	0.001287	0.000000
789	8.000000	0.351881	92.620854	0.013421	0.133722	0.071429	0.000167	0.024814	0.000000
790	1.000000	0.326071	0.000000	0.005188	1.008130	0.000000	0.000167	0.009546	0.000000
791	4.000000	0.335826	79.562011	0.007151	0.265444	0.000000	0.000167	0.003568	0.000000
792	1.000000	0.278105	0.000000	0.000916	1.043388	0.000000	0.000167	0.001541	0.000000
793	1.000000	0.274954	0.000000	0.000651	1.066327	0.000000	0.000167	0.000322	0.000000
794	2.000000	0.318666	2.598722	0.004655	0.510458	0.000000	0.000167	0.008846	0.000000
795	5.000000	0.353822	33.311714	0.011888	0.212409	0.300000	0.000167	0.017344	0.000000
796	6.000000	0.334077	117.789902	0.006704	0.179749	0.066667	0.000167	0.008691	0.000000
797	13.000000	0.364005	711.733235	0.016665	0.083059	0.025641	0.000167	0.027125	0.000000
798	2.000000	0.295784	9.323651	0.001568	0.522275	0.000000	0.000167	0.000784	0.000000
799	4.000000	0.304717	23.302785	0.002460	0.268218	0.000000	0.000167	0.004663	0.000000
800	1.000000	0.279142	0.000000	0.000853	1.033294	0.000000	0.000167	0.000807	0.000000
801	15.000000	0.387069	304.042228	0.032670	0.074865	0.085714	0.000167	0.059696	0.000000
802	14.000000	0.367280	548.708141	0.017774	0.077146	0.021978	0.000167	0.026813	0.000000
803	4.000000	0.318440	24.561968	0.003808	0.265815	0.000000	0.000167	0.004525	0.000000
804	2.000000	0.331855	4.799419	0.005542	0.509564	0.000000	0.000167	0.009557	0.000000
805	1.000000	0.303995	0.000000	0.002284	1.014703	0.000000	0.000167	0.003774	0.000000
806	1.000000	0.275038	0.000000	0.000654	1.043388	0.000000	0.000167	0.000793	0.000000
807	1.000000	0.292128	0.000000	0.001414	1.021728	0.000000	0.000167	0.002524	0.000000
808	5.000000	0.336204	55.557430	0.007625	0.209069	0.000000	0.000167	0.014581	0.000000
809	53.000000	0.442801	7342.785461	0.087247	0.025075	0.056604	0.000167	0.159534	0.000000
810	3.000000	0.309016	19.095440	0.002978	0.345614	0.000000	0.000167	0.005642	0.000000
811	2.000000	0.316643	5.475812	0.003558	0.515201	0.000000	0.000167	0.005143	0.000000
812	7.000000	0.326664	154.613292	0.005231	0.153950	0.000000	0.000167	0.006558	0.000000
813	1.000000	0.313110	0.000000	0.003228	1.011362	0.000000	0.000167	0.005789	0.000000
814	1.000000	0.273780	0.000000	0.000614	1.058594	0.000000	0.000167	0.000568	0.000000
815	1.000000	0.303995	0.000000	0.002284	1.014703	0.000000	0.000167	0.003774	0.000000
816	8.000000	0.340409	154.234722	0.009404	0.136408	0.071429	0.000167	0.012586	0.000000
817	1.000000	0.293368	0.000000	0.001590	1.023200	0.000000	0.000167	0.001950	0.000000
818	10.000000	0.366531	162.864724	0.018314	0.113016	0.133333	0.000167	0.027994	0.000000
819	2.000000	0.284447	15.000382	0.001132	0.526467	0.000000	0.000167	0.002233	0.000000
820	10.000000	0.362682	208.540921	0.015714	0.107087	0.044444	0.000167	0.026846	0.000000
821	1.000000	0.285805	0.000000	0.001211	1.027755	0.000000	0.000167	0.000821	0.000000
822	2.000000	0.311914	3.774768	0.002916	0.515270	0.000000	0.000167	0.003223	0.000000
823	1.000000	0.296467	0.000000	0.001754	1.024984	0.000000	0.000167	0.001634	0.000000
824	2.000000	0.308273	8.849751	0.002434	0.514835	0.000000	0.000167	0.003061	0.000000
825	3.000000	0.328697	8.409274	0.006619	0.356760	0.333333	0.000167	0.010502	0.000000
826	1.000000	0.313110	0.000000	0.003228	1.011362	0.000000	0.000167	0.005789	0.000000
827	1.000000	0.313110	0.000000	0.003228	1.011362	0.000000	0.000167	0.005789	0.000000
828	3.000000	0.309548	16.431917	0.003411	0.355267	0.000000	0.000167	0.001885	0.000000
829	3.000000	0.319119	8.428504	0.004288	0.346384	0.000000	0.000167	0.007284	0.000000
830	4.000000	0.338230	27.625488	0.008101	0.262689	0.166667	0.000167	0.011763	0.000000
831	4.000000	0.340409	35.430335	0.008659	0.259712	0.000000	0.000167	0.005472	0.000000
832	3.000000	0.311697	18.476525	0.003638	0.344148	0.000000	0.000167	0.008026	0.000000
833	3.000000	0.321864	27.556056	0.004855	0.346695	0.000000	0.000167	0.009336	0.000000
834	2.000000	0.331488	0.000000	0.006905	0.531386	1.000000	0.000167	0.010682	0.000000
835	15.000000	0.363269	788.420517	0.018703	0.075583	0.038095	0.000167	0.026739	0.000000
836	1.000000	0.274031	0.000000	0.000655	1.049861	0.000000	0.000167	0.000133	0.000000
837	1.000000	0.278969	0.000000	0.000868	1.043388	0.000000	0.000167	0.001086	0.000000
838	1.000000	0.275883	0.000000	0.000809	1.055363	0.000000	0.000167	0.001901	0.000000
839	2.000000	0.283818	7.202855	0.001313	0.531261	0.000000	0.000167	0.002313	0.000000
840	20.000000	0.381154	827.220526	0.025966	0.055804	0.021053	0.000167	0.046108	0.000000
841	7.000000	0.358769	66.394923	0.016458	0.151703	0.095238	0.000167	0.031932	0.000000
842	4.000000	0.318101	69.211682	0.003885	0.262237	0.000000	0.000167	0.005773	0.000000
843	1.000000	0.275038	0.000000	0.000654	1.043388	0.000000	0.000167	0.000793	0.000000
844	14.000000	0.366232	561.398439	0.017566	0.078201	0.021978	0.000167	0.034098	0.000000
845	1.000000	0.295589	0.000000	0.001746	1.024984	0.000000	0.000167	0.002699	0.000000
846	8.000000	0.359488	210.122129	0.016077	0.131435	0.000000	0.000167	0.030434	0.000000
847	1.000000	0.279751	0.000000	0.000941	1.036982	0.000000	0.000167	0.001770	0.000000
848	3.000000	0.305546	34.531420	0.002061	0.384438	0.333333	0.000167	0.001246	0.000000
849	19.000000	0.394552	2472.976073	0.035930	0.058881	0.046784	0.000167	0.068786	0.000000
850	16.000000	0.394899	621.668824	0.032376	0.069631	0.075000	0.000167	0.057199	0.000000
851	1.000000	0.282746	0.000000	0.001075	1.035503	0.000000	0.000167	0.001189	0.000000
852	5.000000	0.342356	10.184699	0.010575	0.213609	0.200000	0.000167	0.016537	0.000000
853	13.000000	0.387737	316.658856	0.028365	0.086955	0.153846	0.000167	0.048146	0.000000
854	1.000000	0.309548	0.000000	0.002716	1.015148	0.000000	0.000167	0.000809	0.000000
855	7.000000	0.342095	263.983907	0.008420	0.150608	0.000000	0.000167	0.014585	0.000000
856	2.000000	0.306171	0.000000	0.002474	0.556776	1.000000	0.000167	0.002798	0.000000
857	1.000000	0.321518	0.000000	0.004484	1.007751	0.000000	0.000167	0.009143	0.000000
858	1.000000	0.274702	0.000000	0.000762	1.058594	0.000000	0.000167	0.000843	0.000000
859	1.000000	0.289025	0.000000	0.001458	1.030273	0.000000	0.000167	0.000381	0.000000
860	4.000000	0.336961	30.047139	0.007726	0.260232	0.000000	0.000167	0.013692	0.000000
861	2.000000	0.300334	2.721940	0.002092	0.520394	0.000000	0.000167	0.003514	0.000000
862	2.000000	0.286261	2.852296	0.001520	0.533843	0.000000	0.000167	0.002166	0.000000
863	1.000000	0.279316	0.000000	0.000832	1.038400	0.000000	0.000167	0.000767	0.000000
864	3.000000	0.326783	14.349483	0.005627	0.343161	0.000000	0.000167	0.011338	0.000000
865	9.000000	0.350918	454.708171	0.011637	0.126471	0.055556	0.000167	0.012566	0.000000
866	17.000000	0.375418	777.992290	0.022376	0.065054	0.022059	0.000167	0.039793	0.000000
867	5.000000	0.331978	55.845142	0.006931	0.213922	0.000000	0.000167	0.012275	0.000000
868	9.000000	0.344193	100.306326	0.012507	0.120812	0.055556	0.000167	0.018935	0.000000
869	2.000000	0.281064	7.847328	0.000973	0.533163	0.000000	0.000167	0.001601	0.000000
870	3.000000	0.330026	2.181270	0.006823	0.364151	0.666667	0.000167	0.007055	0.000000
871	9.000000	0.361659	363.512291	0.018289	0.119454	0.055556	0.000167	0.027908	0.000000
872	3.000000	0.332346	34.857710	0.006643	0.342906	0.000000	0.000167	0.010924	0.000000
873	1.000000	0.307745	0.000000	0.003054	1.012498	0.000000	0.000167	0.006870	0.000000
874	1.000000	0.289958	0.000000	0.001152	1.032222	0.000000	0.000167	0.000642	0.000000
875	1.000000	0.321518	0.000000	0.004484	1.007751	0.000000	0.000167	0.009143	0.000000
876	1.000000	0.313110	0.000000	0.003228	1.011362	0.000000	0.000167	0.005789	0.000000
877	4.000000	0.348602	13.752176	0.012070	0.258596	0.166667	0.000167	0.024516	0.000000
878	1.000000	0.289958	0.000000	0.001152	1.032222	0.000000	0.000167	0.000642	0.000000
879	1.000000	0.292128	0.000000	0.001414	1.021728	0.000000	0.000167	0.002524	0.000000
880	4.000000	0.330633	41.984190	0.006857	0.259121	0.000000	0.000167	0.014248	0.000000
881	2.000000	0.263420	16.964594	0.000395	0.551304	0.000000	0.000167	0.000833	0.000000
882	1.000000	0.321518	0.000000	0.004484	1.007751	0.000000	0.000167	0.009143	0.000000
883	2.000000	0.268701	10.776713	0.000579	0.579082	0.000000	0.000167	0.000420	0.000000
884	2.000000	0.283549	6.561349	0.001183	0.543176	0.000000	0.000167	0.001835	0.000000
885	3.000000	0.327259	14.997758	0.004845	0.344326	0.000000	0.000167	0.005612	0.000000
886	3.000000	0.325127	54.900186	0.004768	0.360375	0.000000	0.000167	0.006076	0.000000
887	3.000000	0.321058	11.244346	0.004537	0.346409	0.000000	0.000167	0.006761	0.000000
888	1.000000	0.231563	0.000000	0.000072	1.187500	0.000000	0.000167	0.000146	0.000000
889	2.000000	0.314646	4.343426	0.003959	0.516572	0.000000	0.000167	0.007442	0.000000
890	2.000000	0.294426	3.268301	0.001543	0.527742	0.000000	0.000167	0.001260	0.000000
891	1.000000	0.280888	0.000000	0.000844	1.052469	0.000000	0.000167	0.000832	0.000000
892	6.000000	0.344987	80.292284	0.009888	0.176146	0.066667	0.000167	0.014922	0.000000
893	3.000000	0.310190	15.062751	0.002666	0.363671	0.333333	0.000167	0.003143	0.000000
894	1.000000	0.292794	0.000000	0.001552	1.025623	0.000000	0.000167	0.001826	0.000000
895	3.000000	0.304407	21.314671	0.002297	0.351322	0.000000	0.000167	0.002699	0.000000
896	1.000000	0.313110	0.000000	0.003228	1.011362	0.000000	0.000167	0.005789	0.000000
897	1.000000	0.259613	0.000000	0.000415	1.098765	0.000000	0.000167	0.000844	0.000000
898	1.000000	0.280625	0.000000	0.000853	1.033294	0.000000	0.000167	0.001095	0.000000
